924 918
9248	1
2505	1
22015	1
31531	1
9252	1
27368	1
-1	-1
28074	1
26253	1
10004	1
4071	1
958	1
28652	1
23552	1
14507	1
18271	1
4360	1
17780	1
5967	1
7491	1
14161	1
26517	1
22750	1
11367	1
19885	1
13444	1
18610	1
16398	1
905	1
27032	1
6486	1
15871	1
24901	1
21892	1
474	1
475	1
9220	1
6477	1
11027	1
12042	1
18805	1
14721	1
13722	1
12723	1
29492	1
31493	1
18598	1
3343	1
6816	1
14196	1
15199	1
1331	1
4460	1
3333	1
26979	1
3335	1
25472	1
4449	1
27007	1
-1	-1
-1	-1
6813	1
20710	1
17223	1
-1	-1
-1	-1
27594	1
-1	-1
24865	1
29352	1
318	1
3447	1
32584	1
13428	1
29458	1
-1	-1
19489	1
15821	1
7926	1
19490	1
32029	1
31577	1
943	1
30422	1
23556	1
15813	1
16683	1
4882	1
30568	1
7905	1
12079	1
20675	1
-1	-1
12677	1
15678	1
12074	2
29560	1
15665	1
18455	1
31923	1
-1	-1
5912	1
22955	1
31450	1
20528	1
1908	1
9658	1
17659	1
19737	1
13392	1
14790	1
6922	1
-1	-1
3393	1
17650	1
31907	1
3396	1
7128	1
30910	1
28423	1
14640	1
10396	1
7727	1
4747	1
1881	1
7720	1
9646	1
27415	1
5021	1
29292	1
18634	1
10635	1
7740	1
2741	1
8638	1
31418	1
23941	1
16828	1
15431	1
-1	-1
4860	1
14629	1
26363	1
11759	1
22885	1
3964	1
27967	1
5006	1
1364	1
20493	1
12750	1
18882	1
13608	1
5841	1
8610	1
7958	1
17612	1
-1	-1
28510	1
-1	-1
14600	1
6705	1
20799	1
29859	1
13337	1
792	1
23990	1
-1	-1
29253	1
17465	1
4287	1
2699	1
25249	1
17469	1
702	1
13330	1
16584	1
19932	1
330	1
8166	1
-1	-1
6064	1
3822	1
28162	1
6365	1
236	1
12578	1
13579	1
26281	1
11408	1
5686	1
21794	1
15565	1
10697	1
12570	1
23955	1
11369	1
3805	1
16446	1
4954	1
17432	1
30300	1
18434	1
9318	1
8217	1
248	1
1670	1
16439	1
5973	1
26809	1
8247	1
31310	1
25452	1
9320	1
18819	1
-1	-1
9253	1
29929	1
-1	-1
26443	1
-1	-1
11376	1
26806	1
7783	1
9277	1
32372	1
26434	1
19854	1
241	1
22925	1
8670	1
8194	1
22912	1
26268	1
30271	1
-1	-1
28633	1
7328	1
6995	1
9535	1
15869	1
11521	1
13487	1
28614	1
-1	-1
23840	1
7355	1
2258	1
30221	1
19897	1
25770	1
20899	1
6748	1
21136	1
30774	1
2623	1
28888	1
2609	1
31762	1
29891	1
9508	1
-1	-1
742	1
25162	1
189	1
19812	1
31754	1
15814	1
22012	1
7296	1
31758	1
1735	1
23245	1
31244	1
1594	1
4182	1
9257	1
4872	1
24750	1
2599	1
4141	1
10268	1
17482	1
12611	1
5716	1
3264	1
28315	2
9487	2
23856	1
26857	1
15791	1
19790	1
-1	-1
25128	1
27531	1
21991	1
16080	1
13716	1
24722	1
19851	1
17713	1
13712	1
19779	1
11599	1
1560	1
26841	1
16074	1
15075	1
20972	1
4693	1
14723	1
-1	-1
17832	1
16948	1
10938	1
26835	1
3684	1
27200	1
24710	1
30714	1
-1	-1
5340	1
23826	1
12931	1
5177	1
10573	1
22830	1
28274	1
26816	1
18700	1
18703	1
8563	1
540	1
26821	1
2187	1
9567	1
28680	1
27681	1
31810	1
-1	-1
9916	1
2661	1
5131	1
-1	-1
29621	1
14364	1
8546	1
32718	1
73	1
13037	1
3251	1
30807	1
7152	1
8153	1
19199	1
32179	1
6193	1
7208	1
14902	1
1146	1
-1	-1
-1	-1
8146	1
21787	1
25345	1
6021	1
12022	1
27663	1
7229	1
27649	1
17906	1
24779	1
20193	1
21781	1
32707	1
4015	1
28768	1
6172	1
-1	-1
19771	1
32745	1
30648	1
17902	1
5602	2
3181	1
26633	1
8551	1
2995	1
14868	1
16893	1
25547	1
1615	1
-1	-1
27753	1
10986	1
10987	1
9860	1
3989	1
26630	1
22106	1
24773	1
28164	1
8850	1
13851	1
14801	1
24237	1
16878	1
13578	1
9573	1
11969	1
9970	1
24227	1
6972	1
17040	1
24230	1
28522	1
13597	1
14788	1
10647	1
11662	1
-1	-1
25605	1
8838	1
22018	1
24208	1
29105	1
13826	1
12998	1
4084	1
2088	1
27726	1
20855	1
15677	1
5945	1
31226	1
15947	1
6321	1
11672	1
7950	1
15834	1
-1	-1
3065	1
2111	1
-1	-1
13713	1
1941	1
-1	-1
5538	1
8928	1
16697	1
29082	1
29486	1
31561	1
6608	1
8483	1
11807	1
3093	1
30556	1
32607	1
24307	1
17692	1
10797	1
-1	-1
23183	1
11784	1
11785	1
19810	1
30195	1
16097	1
20448	1
11643	1
4919	1
-1	-1
11777	1
31591	1
-1	-1
24676	1
30189	1
25678	1
20807	1
8896	1
19793	1
25759	1
899	1
2028	1
17984	1
-1	-1
16671	1
22525	1
10761	1
29447	1
-1	-1
31172	1
4472	1
29174	1
8023	1
20136	1
8753	1
11647	1
8486	1
1012	2
-1	-1
32611	1
4098	1
29152	1
30524	1
25783	1
-1	-1
-1	-1
14776	1
9523	1
19135	1
9501	1
29916	1
10866	1
30470	1
31020	1
26021	1
20083	1
29151	1
27008	1
31540	1
24114	1
23243	1
26489	1
10861	1
2862	1
8922	1
8925	1
12924	1
13234	1
1454	1
31497	1
24512	1
18110	1
16367	1
1840	1
7572	1
8714	1
12654	1
29996	1
25680	1
3523	1
-1	-1
15005	1
21388	1
25391	1
7278	1
2513	1
-1	-1
28118	1
19095	1
16336	1
24081	1
8826	1
-1	-1
6473	1
24520	1
22214	1
16343	1
12549	1
14708	1
-1	-1
406	1
27465	1
14333	1
-1	-1
29975	1
11192	1
24961	1
28962	1
17206	1
21196	1
8880	1
30971	1
9815	1
9981	1
28532	1
23439	1
30974	1
21188	1
32528	1
31947	1
11191	1
4381	1
7492	1
26431	1
32075	1
25697	1
3925	1
-1	-1
24474	1
27936	1
20169	1
26423	1
28486	1
15969	1
27432	1
21323	1
7514	1
1381	1
13289	1
25058	1
8779	1
29873	1
23165	1
18166	1
31063	1
18373	1
10940	1
-1	-1
31982	1
21028	1
24808	1
15987	1
11159	1
8805	1
7636	1
23146	1
25043	1
28761	1
18392	1
27918	1
28458	1
18136	1
9876	1
24455	1
-1	-1
12268	1
25608	1
30038	1
7375	1
26653	1
19396	1
874	1
10910	1
-1	-1
2237	1
13262	1
9135	1
21293	1
25828	1
26890	1
28470	1
17124	1
10904	1
29022	1
7231	1
19413	1
-1	-1
32498	1
11243	1
22361	1
2376	1
22363	1
27666	1
22104	1
-1	-1
3455	1
24390	1
3449	1
7213	1
17982	1
1386	1
17968	1
23481	1
28791	1
18318	1
-1	-1
17296	1
2206	1
28442	1
16216	1
1340	1
8823	1
9091	1
4324	1
18965	1
28350	1
17095	1
10208	1
7185	1
-1	-1
16955	1
17537	1
26048	1
14867	1
4319	1
12933	1
17945	1
26063	1
29331	1
12076	1
1181	1
21078	1
8762	1
11064	1
31812	1
170	1
1774	1
7172	1
14197	1
18283	1
754	1
11056	1
22276	1
11058	1
20718	1
-1	-1
23445	1
-1	-1
9762	1
24365	1
15084	1
26946	1
-1	-1
26948	1
16925	1
707	1
159	1
9168	1
15529	1
29426	1
24326	1
24353	1
6149	1
1278	1
22431	1
25928	1
16100	1
14007	1
7267	1
2785	1
13232	1
9166	1
7586	1
9152	1
3340	1
2327	1
21411	1
681	1
8752	1
3134	1
20415	1
28149	1
6249	1
6479	1
19019	1
31276	1
-1	-1
-1	-1
12890	1
7240	1
7516	1
20615	1
6766	1
28396	1
25269	1
-1	-1
13210	1
11837	1
13489	1
13490	1
24515	1
10753	1
29704	1
17006	1
15495	1
9789	1
20652	1
18503	1
27830	1
13161	1
229	1
14486	1
15615	1
5725	1
21497	1
4415	1
15022	1
13476	1
22501	1
9990	1
2095	1
8976	1
9156	1
26031	1
20363	1
20289	1
20640	1
30238	1
20666	1
18352	1
7585	1
20663	1
-1	-1
5204	1
15589	1
27358	1
658	1
-1	-1
30180	1
20474	1
-1	-1
31348	1
29221	1
6582	1
31351	1
10080	1
18337	1
29087	1
2742	1
19569	1
-1	-1
4611	1
10178	1
11072	1
12433	1
14199	1
4806	1
1052	1
5565	1
1054	1
23335	1
19557	1
32196	1
-1	-1
9198	1
17641	1
7768	1
1643	1
16626	1
26949	1
5545	1
9058	1
16590	1
12420	1
13549	1
10422	1
19447	1
13093	1
12244	1
6538	1
19435	1
23729	1
29309	1
28182	1
31311	1
2144	1
22668	1
19426	1
27171	1
16225	1
21	1
5651	2
21578	1
13877	1
1620	1
20418	1
7462	1
21617	1
13525	1
16595	1
5874	1
24408	1
17604	1
17282	1
14387	1
22593	1
3517	1
21286	1
13882	1
23400	1
14140	1
19695	1
2678	1
10380	1
13509	1
20278	1
30114	1
2112	1
3497	1
15370	1
20267	1
13865	1
18397	1
15147	1
3503	1
8360	1
-1	-1
1655	1
-1	-1
21577	1
9072	1
12259	1
31647	1
6085	1
2481	1
26122	1
-1	-1
28252	1
10168	1
31163	1
28255	1
30109	1
5764	1
6602	1
19926	1
32756	1
3656	1
18643	1
7479	1
9464	1
3652	1
5055	1
542	1
4769	1
15469	1
18238	1
23650	1
19677	1
31068	1
31111	1
1550	1
15460	1
23717	1
29614	1
13290	1
27216	1
26052	1
6450	1
32182	1
3580	1
5000	1
26222	1
21562	1
22336	1
27124	1
-1	-1
24998	1
16337	1
2445	1
-1	-1
4575	1
7085	1
19964	1
13559	1
-1	-1
7833	1
27080	1
23694	1
22578	1
-1	-1
27577	1
12503	1
12158	1
1009	1
4680	1
25011	1
28583	1
19949	1
21313	1
12290	1
8419	1
-1	-1
11293	1
21979	1
26018	1
-1	-1
-1	-1
12455	1
-1	-1
12105	1
30693	1
17827	1
8106	1
17168	1
2529	1
-1	-1
-1	-1
12097	1
30032	1
7534	1
21962	1
32544	1
12393	1
8394	1
23779	1
18529	1
20968	1
-1	-1
28978	1
28664	1
19281	1
28666	1
8387	1
27065	1
9261	1
-1	-1
-1	-1
