999 984
32719	1
18032	1
6329	1
22482	1
4235	1
8934	1
19891	1
21244	1
14713	1
14962	1
2397	1
6336	1
2641	1
1052	1
19649	1
3328	1
2145	1
1048	1
13885	1
24942	1
5745	1
10790	1
27553	1
4510	1
565	1
3402	1
30731	1
17064	1
30643	1
7104	1
13647	1
32240	1
5513	1
31269	1
1325	1
7118	1
26203	1
20170	1
8705	1
23116	1
2927	1
31502	1
10555	1
28583	1
28313	1
5532	1
17093	1
31000	1
28325	1
3426	1
1293	1
25524	1
2695	1
14512	1
18939	1
6388	1
24979	1
846	1
27577	2
6046	1
11323	1
29182	1
9729	1
1344	1
4795	1
28082	1
12087	1
8990	1
5299	1
8144	1
18061	1
6050	1
18709	1
6648	1
24395	1
11094	1
22897	1
3210	1
5809	1
18706	1
1363	1
15290	1
20217	1
14550	1
6595	1
31313	1
1127	1
15296	1
32301	1
19974	1
32053	1
15100	1
21817	1
4586	1
32557	1
17632	1
21321	1
16589	1
9023	1
18140	1
20237	1
138	1
30211	1
9768	1
25027	1
21086	1
23683	1
11876	1
9275	1
12472	1
1157	1
10872	1
15581	1
10036	1
6693	1
19750	1
22951	1
23700	1
29977	1
25584	1
21595	1
3012	1
21358	1
10591	1
10041	1
25296	1
12937	1
3760	1
10405	1
2512	1
27393	1
5610	1
24209	1
14336	1
11153	1
7954	1
4860	1
424	1
7717	1
6966	1
-1	-1
5628	1
21617	1
28410	1
26067	1
10670	1
1943	1
8326	1
8315	1
30858	1
3293	1
32612	1
19692	1
6140	1
12527	1
6879	1
23483	1
25836	1
1205	1
23492	1
15623	1
28180	1
19285	2
12534	1
29795	1
32618	1
23501	1
9088	1
14381	1
23994	1
30037	1
716	1
24007	1
19050	1
10443	1
12796	1
24593	1
1949	1
27441	1
28786	1
13795	1
19808	1
31901	1
18222	1
18569	1
28469	1
20065	1
11462	1
21419	1
13310	1
3537	1
29556	1
27705	1
15896	1
9375	1
990	1
11715	1
7266	1
18682	1
20084	1
19093	1
32668	1
19095	1
27714	1
21693	1
21184	1
16693	1
18840	1
21447	1
6292	1
24541	1
5692	1
5695	1
29334	1
2593	1
31004	1
7301	1
14428	1
30335	1
32686	1
24547	1
10996	1
24557	1
16754	1
25149	1
6558	1
18259	1
5450	1
16191	1
2016	1
19623	1
17762	1
23061	1
28854	1
13843	1
19368	1
8917	1
13852	1
14443	1
21476	1
15945	1
12258	1
13851	1
14108	1
3873	1
3380	1
3609	1
10258	1
18633	1
530	1
27837	1
32488	1
555	1
17584	1
2943	1
28094	1
24099	1
28488	1
26781	1
21968	1
21705	1
31034	1
12239	1
10238	1
10285	1
22908	1
17571	1
3454	1
32471	1
23088	1
19695	1
16499	1
31547	1
2997	1
12911	1
28892	1
20769	1
26206	1
3967	1
8996	1
31015	1
22892	1
11299	1
4055	1
16211	1
10006	1
18075	1
-1	-1
15012	1
28878	1
9425	1
21016	1
5033	1
5032	1
8239	1
12628	2
24743	1
31522	1
7679	1
26880	1
28569	1
21006	1
3943	1
13406	1
893	1
29910	1
29909	1
28042	1
3413	1
17132	1
25253	1
17916	1
7665	1
1280	1
18175	1
18174	1
1539	1
19252	1
5717	1
26900	1
17860	1
7918	1
613	1
1862	1
3659	1
28970	1
18457	1
16296	1
8729	1
28148	1
13245	1
10350	1
6463	1
22056	1
32125	1
6038	1
23623	1
8982	1
18135	1
28400	1
4327	1
29478	1
19751	1
592	1
14835	1
15812	1
16833	1
1898	1
17137	1
30712	1
25079	1
13224	1
15351	1
16430	1
8965	1
17610	1
6120	1
26528	1
12137	1
28642	1
441	1
6188	1
10134	1
26248	1
20253	1
17204	1
435	1
16256	1
13993	1
19066	1
23455	1
18166	1
13465	2
20666	1
7993	1
14248	2
4157	1
32094	1
16405	1
17452	1
18237	1
7986	1
5857	1
9984	1
1727	1
13976	1
26615	1
27956	1
1723	1
27692	1
22777	1
7452	1
28213	1
9578	1
14651	1
3582	1
6923	1
666	1
5906	1
23292	1
24473	1
11698	1
32331	1
13774	1
6097	1
10142	1
4651	1
10382	2
5831	1
14214	1
13293	1
11950	1
16339	1
9034	1
14631	1
24618	1
10635	1
10189	1
12499	1
31918	1
29527	1
17014	1
32701	1
24450	1
8627	1
27918	1
8363	1
8624	1
14633	1
27256	1
6231	1
10748	1
8613	1
17922	1
31641	2
7262	1
2097	1
31896	1
1411	1
1014	1
9793	2
29768	1
28029	1
5174	1
3751	1
484	1
8867	1
15384	1
28023	1
24028	1
25107	1
12594	1
9647	1
10758	1
32145	1
27754	1
17241	1
23234	1
10459	1
10720	1
29091	1
11728	1
29613	1
25880	1
18281	1
4982	1
1511	1
28822	1
13101	1
2850	1
15675	1
28834	1
21219	1
28522	1
5893	1
26814	1
26947	1
26946	1
26811	1
10700	1
7357	1
12826	1
2019	1
26758	1
5225	1
5224	1
25403	1
30971	1
25197	1
18725	1
24671	1
304	1
18675	1
20540	1
25191	1
16806	1
7603	1
1084	1
4949	1
28870	1
17776	2
20027	1
16016	1
1267	1
2018	1
29789	1
26984	1
5279	1
8968	1
27799	1
20785	1
10485	1
32046	1
26053	1
6599	1
7523	1
23000	1
28299	1
10984	1
8979	1
12036	1
31805	1
5053	1
12489	1
8234	1
21710	1
16040	1
10844	1
13252	1
12503	1
26807	1
30742	1
25822	1
23525	1
15000	1
29271	1
11544	1
-1	-1
11262	1
30775	1
15055	1
31744	1
12516	1
12368	1
6504	1
18335	1
13810	1
30323	1
1056	1
23283	1
2774	1
7011	1
26584	1
24346	1
27844	1
17350	1
9314	1
1088	1
14481	1
27043	1
2534	1
21292	1
28804	1
30345	1
31550	1
29855	1
28356	1
15026	1
26358	1
8182	1
23901	1
29236	1
27841	1
15032	1
7846	1
21768	1
6300	1
16561	1
24353	1
289	1
21856	1
28621	1
24816	1
4508	1
2403	1
18125	1
10102	1
32621	2
31864	1
22312	1
16824	1
7666	1
16061	1
5506	1
25328	1
22678	1
21295	1
13490	1
10106	1
11857	1
17342	1
23684	1
24588	1
17893	1
8314	1
26847	1
18396	1
7879	1
22586	1
21337	1
12983	1
21860	1
14578	1
26624	1
833	1
348	1
826	1
9085	1
21346	1
21909	1
19104	1
19911	1
22850	1
8339	1
9090	1
15349	1
7640	1
4593	1
3995	1
27896	1
10144	1
21840	1
25813	1
25917	1
7406	1
27669	1
27649	1
32677	1
31920	1
10357	1
-1	-1
1436	1
5553	1
5117	1
5059	1
14062	1
3904	1
1663	1
28765	1
1421	1
25128	1
21143	1
23388	1
14161	1
32444	1
19397	1
8872	1
22197	1
10935	1
15127	1
26444	1
5677	1
2872	1
26641	1
18759	1
10639	1
-1	-1
25846	1
19402	1
29153	1
19801	1
7137	1
30906	1
21926	1
5190	1
13143	1
3184	1
21411	1
5589	1
3187	1
11146	1
6508	1
11156	1
14199	1
6227	1
18677	1
19785	1
29171	1
1710	1
26925	1
906	1
24464	1
19176	1
9707	1
5137	1
6204	1
8343	1
4907	1
19982	1
18238	1
26484	1
10968	1
19978	1
14066	1
15712	1
1219	1
13509	1
31441	1
11980	1
4202	1
10426	1
31993	1
28246	1
12437	1
29897	1
13640	1
940	1
32499	1
1990	1
9227	1
28956	1
4931	1
22005	1
11495	1
979	1
7741	1
24008	1
3241	1
28504	1
1751	1
31505	1
20328	1
24514	1
24122	1
4006	1
18011	1
8454	1
15948	1
462	1
18023	1
29218	1
14709	1
18018	1
28240	1
12008	1
6003	1
12549	1
28733	1
6716	1
12021	1
985	1
11822	1
13917	1
19854	1
9270	1
29448	1
17843	1
-1	-1
24290	1
-1	-1
6259	1
30350	1
21683	1
5676	1
8237	1
30792	1
18913	2
27296	2
5191	1
11836	1
21759	1
15238	1
16497	1
6286	1
5939	1
250	1
10845	1
8956	1
5193	1
31310	1
28049	1
19664	1
16769	1
20122	1
20967	1
6798	1
24069	1
12902	1
22471	1
30470	1
18277	1
8266	1
18613	1
15536	1
26865	1
26034	1
10615	1
32570	1
26555	1
15258	1
15811	1
25293	1
8493	1
7886	1
30435	1
3154	1
21501	1
20130	1
15319	1
13924	1
28747	1
4798	1
9551	1
16600	1
15579	1
9290	1
20403	1
14541	1
1025	1
11838	1
27089	1
16280	1
21005	1
23112	1
26364	1
29256	1
1549	1
28942	1
29011	1
15072	1
1537	1
13194	1
25013	1
19468	1
-1	-1
21766	1
20173	1
22912	1
7915	1
24828	2
2647	1
22284	1
23105	1
2734	1
16633	1
31122	1
12306	1
3164	1
75	1
2670	1
26134	1
-1	-1
10312	1
9574	1
29465	1
27936	1
13787	1
14286	1
13785	1
15618	1
29777	1
9625	1
10677	1
32652	1
19991	1
-1	-1
14590	1
26886	1
6867	1
14624	1
22037	1
28368	1
16129	1
25052	1
6421	1
17118	1
23917	1
14890	1
17411	1
15338	1
12529	1
24146	1
15377	1
12351	1
20416	1
25624	1
28995	1
23115	1
4291	1
27224	1
17377	1
19044	1
29001	1
29074	1
25897	1
23168	1
19533	1
3202	1
16439	1
24160	1
28487	1
29832	1
26727	1
-1	-1
18129	1
-1	-1
28505	1
5820	1
7672	1
10130	1
23987	1
698	1
11684	1
27732	1
11245	1
5646	1
4641	1
4640	1
20851	1
31708	1
32389	1
-1	-1
27505	1
10506	1
22187	1
28856	1
17929	1
24312	1
16141	1
27530	1
10654	1
22974	1
20877	1
27252	1
19271	1
16466	1
29869	1
27038	2
6767	1
4364	1
-1	-1
6450	1
225	1
18040	1
29361	1
25668	1
27182	1
30624	1
23231	1
18200	1
20633	1
30227	1
13371	1
11504	1
3523	1
2340	1
-1	-1
28233	1
12674	1
3586	1
8684	1
26200	1
4047	1
32736	1
30397	1
2286	1
17723	1
28290	2
12245	1
1936	1
25215	1
22511	1
13149	1
27792	1
14155	1
21954	1
12253	1
1238	1
2317	1
23256	1
1707	1
1768	1
1771	1
-1	-1
8695	1
26804	1
4719	1
23332	1
32271	1
11738	1
11754	1
5416	1
22421	1
13152	1
1201	1
27834	1
23817	1
31036	1
21979	1
15492	1
