884 871
3388	1
23639	1
23390	1
11891	1
8616	1
893	1
21862	1
5869	1
18902	1
27621	1
27372	1
9405	1
14118	1
14119	1
29126	1
19877	1
19410	1
4623	1
29130	2
5907	1
1908	1
29383	1
20134	1
28135	1
1662	1
669	1
31920	1
2883	1
25134	1
21641	1
24668	1
20643	1
13388	1
10677	2
20178	1
32179	1
24642	1
14893	1
24176	1
21901	1
8184	1
10935	1
18154	1
24399	1
23188	1
12189	1
4434	1
25903	1
5154	1
10943	1
22194	1
1695	1
5158	1
18915	1
-1	-1
26943	1
13162	1
2663	1
12170	1
32703	1
19172	1
3917	1
7450	1
32425	1
9458	1
32209	1
4422	1
26705	1
9462	1
13675	1
30432	1
32683	1
21184	1
8935	1
32468	1
32469	1
3432	1
13189	1
24684	1
23941	1
21724	1
22225	1
20476	1
32195	1
3690	1
28223	2
3730	1
10481	1
10700	1
29445	1
8978	1
14697	1
25236	1
10737	1
8982	1
17233	1
10490	1
24459	1
17954	1
4987	1
8456	1
21963	1
18490	1
6741	1
25710	1
31717	1
29962	1
28245	1
25502	1
6747	1
10722	1
25967	1
5750	1
8719	1
20502	1
12759	1
15722	1
27005	1
6724	1
31981	1
17226	1
32765	1
16760	1
18479	1
5230	1
12737	1
2520	1
29733	1
6734	1
1023	1
29986	1
14243	1
2244	1
20489	1
31490	1
12279	1
13998	1
29993	1
4750	1
31495	1
7746	1
20997	1
10498	1
27037	1
6038	1
21001	1
30502	1
25791	1
3542	1
13043	1
20538	1
5045	1
7540	1
30041	1
20542	1
10293	1
28262	1
13519	1
25302	1
29515	1
6272	1
11267	1
18300	1
21051	1
7058	1
23277	1
16060	1
18805	1
31056	1
25563	1
17282	1
6533	1
18028	1
9561	1
15568	1
15787	1
28782	1
18283	1
26790	1
17291	1
4042	1
12319	1
15826	1
31071	1
24828	1
28047	1
10542	1
16081	1
8044	1
22795	1
9078	1
3053	1
2330	1
30581	1
18588	1
21083	1
31552	1
25841	1
30836	1
7811	1
20556	1
17063	1
18846	1
30591	1
27098	1
7349	1
20594	1
13063	2
27352	1
1847	1
22816	1
19567	1
27606	1
7075	1
1570	1
10103	1
24604	1
8329	1
4580	1
31357	1
19864	1
20577	1
20078	1
26867	1
20580	1
12581	1
27338	1
14615	1
24834	1
3585	1
24118	1
32119	1
29876	1
25089	1
6878	1
14091	1
13874	1
24125	1
28382	1
10133	1
28102	1
6135	1
21630	1
30137	1
11382	1
6139	1
8890	1
8891	1
2136	1
3855	1
25808	1
26333	1
28596	1
24277	1
18058	1
12935	1
22974	1
11531	1
-1	-1
3529	1
530	1
28681	1
26610	2
7511	1
22716	1
2257	1
20722	1
31203	1
28580	1
13993	1
5220	1
27273	1
19814	1
20073	1
16002	1
24271	1
19552	1
8793	1
23258	1
14693	1
12078	1
17589	1
28074	2
30953	1
31260	1
4715	1
4712	1
20123	1
12118	1
26803	1
7240	1
19047	1
-1	-1
19601	1
20356	1
3351	1
12448	1
7283	1
25598	1
25333	1
16290	1
21555	1
10556	1
7551	1
25834	1
3591	1
4998	1
25619	1
14984	1
1071	1
6478	1
13773	1
10538	1
17887	1
26792	1
7531	1
26798	1
12993	1
30048	1
23569	1
20386	1
29007	1
23838	1
24065	1
30614	1
21547	1
8290	1
16345	1
10844	1
28641	1
16090	1
3879	1
10816	1
15275	1
14522	1
16857	1
832	1
26819	1
18828	1
17651	1
32074	1
13049	1
30338	1
32629	1
22348	1
25395	1
28440	1
17103	1
2352	1
9099	1
8346	1
18413	1
9658	1
28773	1
13336	1
65	1
22530	1
25141	1
14804	1
21085	1
3154	1
12779	1
16626	1
13837	1
5084	1
20829	1
21060	1
-1	-1
25386	1
16895	1
12570	1
25385	1
30792	1
10599	1
16360	1
28211	1
23888	1
24637	1
23072	1
29617	1
17668	1
15891	1
8636	1
29065	1
13370	1
11393	1
12212	1
621	1
12294	1
12295	1
25436	1
5651	1
11400	1
31635	1
29866	1
21911	1
22570	1
19149	1
18630	1
25679	1
30424	1
10393	1
29608	1
17461	1
9412	1
27189	1
28862	1
-1	-1
21138	1
4883	1
30664	1
25981	1
-1	-1
14875	1
31620	1
8187	1
14878	1
-1	-1
5936	1
30875	1
21376	1
11171	1
10002	1
9467	1
18684	1
27999	1
18008	1
10681	1
26260	2
10687	1
-1	-1
17199	1
6862	1
18245	1
24474	1
25449	1
28888	1
675	1
30862	1
14179	1
9492	1
19761	1
18718	2
29681	1
6640	1
23699	1
19770	1
7441	1
2944	1
15137	1
684	1
23967	1
13930	1
24979	1
22494	1
-1	-1
22630	1
2461	1
27504	1
12361	1
14398	2
20667	1
6932	1
27251	1
2702	1
31151	1
-1	-1
24241	1
8472	1
8707	1
704	1
479	1
1790	1
6915	1
12054	1
30931	1
2480	1
26737	1
31426	1
20061	1
31690	1
18721	1
13698	1
28053	1
18990	2
7975	1
-1	-1
-1	-1
18470	1
1775	1
25012	1
11503	1
-1	-1
22667	1
14428	1
1563	1
5752	1
25023	1
23224	1
22241	1
20889	1
6646	1
25095	1
-1	-1
32651	1
3394	1
27633	1
26424	1
9385	1
16586	1
119	1
4380	1
10827	1
9102	1
22161	1
1892	1
17889	1
16840	2
17117	1
6366	1
21109	1
26124	1
18423	1
18866	1
4591	1
7670	1
-1	-1
28128	1
23101	1
6816	1
24599	1
22566	1
19103	1
12600	1
11385	1
11622	1
29857	1
6840	1
19645	1
-1	-1
-1	-1
1604	1
11647	1
-1	-1
7103	1
31088	1
14589	1
18842	1
23041	1
40	1
18133	1
-1	-1
-1	-1
9834	1
32627	1
10324	1
-1	-1
-1	-1
26787	1
18792	1
30811	1
20830	1
26363	1
19842	1
19611	1
28630	1
16371	1
-1	-1
17877	1
9850	1
21575	1
26814	1
11069	1
20778	1
1825	1
19022	1
26611	1
32072	1
10761	1
16334	1
24773	1
6766	1
13053	1
8072	1
27809	1
2554	1
20083	1
30308	1
18509	1
29250	1
-1	-1
12536	1
22307	1
3832	1
27283	1
26	1
-1	-1
15038	1
4287	1
16798	1
-1	-1
10048	1
31245	1
-1	-1
14523	1
3034	1
-1	-1
17022	1
13543	1
-1	-1
12493	1
24314	1
2503	1
25264	1
-1	-1
30066	1
17013	1
16742	1
21265	1
19002	1
-1	-1
31250	1
4755	1
12504	1
21229	1
-1	-1
29761	1
11238	1
-1	-1
5566	1
3271	1
20308	1
22045	1
506	1
5767	1
-1	-1
18493	1
21478	1
14489	1
21476	1
2737	1
30548	1
16717	1
25790	1
9505	1
18738	1
9273	1
16704	1
205	1
10946	1
13787	1
7498	1
10951	1
13784	1
25739	1
-1	-1
29731	1
20274	1
989	1
726	1
30259	1
11514	1
3239	1
27478	1
11749	1
14964	1
-1	-1
19178	1
-1	-1
32506	1
12933	1
24016	1
18259	1
18448	1
6459	1
16224	1
28703	1
2438	1
175	1
12686	1
15765	1
12946	1
8421	1
24958	1
2003	1
700	1
22659	1
13758	1
7469	1
-1	-1
1497	1
-1	-1
-1	-1
27734	1
26685	1
-1	-1
30231	1
19472	1
21409	1
18686	1
15477	1
-1	-1
6407	1
-1	-1
15433	1
8692	1
16193	1
26632	1
17929	1
24216	1
26177	1
20666	1
1443	1
25428	1
1981	1
14676	1
19161	1
-1	-1
30885	1
23152	1
7961	1
656	1
18631	1
13946	1
24917	1
-1	-1
-1	-1
19420	1
15441	1
-1	-1
31913	1
25402	1
-1	-1
2138	1
23661	1
-1	-1
11447	1
32676	1
14193	1
19662	1
361	1
27616	1
11909	1
14854	1
-1	-1
13694	1
10389	1
21100	1
22861	1
22860	1
-1	-1
1717	1
-1	-1
3477	1
-1	-1
-1	-1
19154	1
13855	1
-1	-1
27311	1
-1	-1
6923	1
16366	1
-1	-1
146	1
17939	1
30104	1
2401	1
32080	1
2645	1
-1	-1
5469	1
-1	-1
1187	1
13028	1
7195	1
7162	1
29833	1
-1	-1
-1	-1
17708	1
1441	1
-1	-1
13037	1
16320	1
13573	1
9578	1
-1	-1
4632	1
5427	1
-1	-1
22885	1
-1	-1
113	1
26068	1
-1	-1
11798	1
5927	1
1430	1
6379	1
9310	1
23105	1
-1	-1
26569	1
5934	1
17107	1
14504	1
20169	1
15248	1
-1	-1
14318	1
-1	-1
-1	-1
13793	1
20620	1
-1	-1
25776	1
22597	1
-1	-1
-1	-1
16292	1
17369	1
4360	1
-1	-1
-1	-1
-1	-1
27760	1
4343	1
-1	-1
16853	1
12274	1
23893	1
14272	1
10471	1
-1	-1
1405	1
-1	-1
839	1
25476	1
24115	1
-1	-1
24705	1
3872	1
9507	1
8964	1
24117	1
-1	-1
5385	1
-1	-1
32503	1
14262	1
-1	-1
-1	-1
27759	1
29756	1
821	1
25190	1
14957	1
-1	-1
-1	-1
-1	-1
7373	1
18382	1
20383	1
1866	1
16251	1
7056	1
31453	1
-1	-1
17615	1
2290	1
6125	1
25452	1
-1	-1
22086	1
32255	1
-1	-1
17591	1
42	1
31687	1
532	1
13171	1
30466	1
18085	1
6300	1
-1	-1
-1	-1
12927	2
7590	1
-1	-1
21284	1
26919	2
-1	-1
11959	1
27700	1
-1	-1
7028	1
24643	1
23024	1
29421	1
6538	1
24925	1
-1	-1
10663	1
6266	1
26897	1
3818	1
17553	1
-1	-1
-1	-1
29400	1
-1	-1
4074	1
10883	1
13452	1
19539	1
6738	1
-1	-1
31376	1
32203	1
-1	-1
10891	1
18038	1
-1	-1
11434	1
27671	1
26160	1
-1	-1
22740	1
-1	-1
20736	1
3565	1
-1	-1
11149	1
-1	-1
27123	1
24272	1
27651	1
-1	-1
9905	1
21528	1
4229	1
-1	-1
14855	1
-1	-1
16469	1
16474	1
24593	1
3760	1
28411	1
-1	-1
489	1
6464	1
21479	1
30412	1
15407	1
-1	-1
-1	-1
27892	1
23775	1
26412	1
32145	1
-1	-1
-1	-1
27330	1
11381	1
28392	1
8007	1
-1	-1
-1	-1
-1	-1
10819	1
13642	1
7239	1
-1	-1
17209	1
-1	-1
-1	-1
17998	1
1731	1
25314	1
25631	1
-1	-1
-1	-1
9858	1
-1	-1
9364	1
17975	1
-1	-1
-1	-1
25858	1
23743	1
-1	-1
5227	1
-1	-1
28119	1
-1	-1
27085	1
5974	1
-1	-1
