820 808
13977	1
19976	1
2963	1
26962	1
-1	-1
-1	-1
13031	1
13030	1
5049	1
-1	-1
18035	1
6704	1
14989	1
29972	1
-1	-1
21974	1
1993	1
11903	1
-1	-1
17773	1
-1	-1
25996	1
1999	1
-1	-1
31001	1
4975	1
21003	1
5002	1
53	1
29334	1
5629	1
15006	1
12993	1
6072	1
29337	1
21221	2
19090	1
2011	1
1637	1
-1	-1
17086	1
-1	-1
-1	-1
-1	-1
5021	1
11020	1
18007	1
28070	1
23073	1
11008	1
29011	1
5997	1
1655	1
28	2
21015	1
-1	-1
5097	1
-1	-1
17035	1
2082	1
31101	1
4084	1
18087	1
26428	1
4041	1
20040	1
12043	1
-1	-1
-1	-1
12044	1
-1	-1
22233	1
21113	1
18538	1
-1	-1
-1	-1
20037	1
-1	-1
21119	1
6038	1
-1	-1
9040	1
123	1
26058	1
5109	1
18060	1
-1	-1
-1	-1
24555	1
13064	1
1131	1
26909	1
20053	1
12052	1
20055	1
16118	1
-1	-1
-1	-1
10075	1
-1	-1
13061	1
31060	1
12637	1
20142	1
15145	1
21080	1
10067	1
14736	1
-1	-1
-1	-1
26477	1
1150	1
26153	1
19072	1
5075	1
2154	1
15141	1
-1	-1
20159	1
-1	-1
28145	1
4144	1
-1	-1
13261	1
11258	1
24084	1
17103	1
3102	1
21153	1
27088	1
-1	-1
30106	1
3093	1
12734	1
3829	1
22532	1
2161	1
14295	1
31115	1
-1	-1
15117	1
-1	-1
-1	-1
25508	1
19169	1
29168	1
31107	1
29170	1
11173	1
30188	1
30191	1
22190	1
7129	1
17192	1
3195	1
18114	1
30527	1
21132	1
11224	1
3788	1
1763	1
22466	1
16139	1
6202	1
17189	1
14798	1
-1	-1
142	1
24129	1
28570	1
1769	1
-1	-1
-1	-1
18132	1
29541	1
-1	-1
153	1
25200	1
21545	1
-1	-1
15205	1
2220	1
16549	1
20222	1
9161	1
28650	1
10116	1
14146	1
4213	1
148	1
10112	1
29556	1
4169	1
23216	1
235	1
-1	-1
27157	1
19156	1
29565	1
-1	-1
26667	1
-1	-1
-1	-1
32226	1
24229	1
12164	1
11247	1
32604	1
21430	1
-1	-1
4745	1
4186	1
-1	-1
32678	1
-1	-1
18190	1
22619	1
10176	1
28617	1
21520	1
12181	1
23622	1
23199	1
-1	-1
31185	1
19690	1
-1	-1
16202	1
17253	1
-1	-1
20072	1
6270	1
193	1
14256	1
10195	1
1832	1
29213	1
25542	1
12263	1
-1	-1
13142	1
1264	1
-1	-1
25269	1
24221	1
-1	-1
12287	1
28286	1
32209	1
7882	1
14945	1
13290	1
8213	1
29292	1
9853	1
20556	1
23281	1
26303	1
26299	1
21624	1
7285	1
300	1
2303	1
17222	1
-1	-1
288	1
10291	1
-1	-1
23245	1
292	1
31240	1
-1	-1
3297	1
9232	1
29577	1
22413	1
28253	1
-1	-1
-1	-1
26740	1
-1	-1
18240	1
11323	1
-1	-1
14309	1
-1	-1
-1	-1
14310	1
5249	1
20328	1
-1	-1
9314	1
30333	1
-1	-1
15255	1
27756	1
28321	1
8256	1
28323	1
-1	-1
20671	1
8260	1
-1	-1
20326	1
8281	1
19264	1
-1	-1
16282	1
-1	-1
-1	-1
6287	1
5844	1
-1	-1
24272	1
-1	-1
-1	-1
16687	1
-1	-1
16279	1
29358	1
18787	1
8360	1
2363	1
26362	1
8365	1
7958	1
30303	1
15350	1
28289	1
-1	-1
24355	1
5565	1
-1	-1
22483	1
19375	1
8932	1
4313	2
5938	1
20315	1
28704	1
12317	1
12316	1
23805	1
28318	1
14369	1
27384	1
30212	1
31322	1
-1	-1
26308	1
29288	1
-1	-1
-1	-1
12392	1
25721	1
29314	1
18330	1
31316	1
335	1
23318	1
11337	1
5535	1
-1	-1
22386	1
-1	-1
2324	1
-1	-1
11342	1
17398	1
23392	1
30833	1
-1	-1
911	1
30838	1
-1	-1
24350	1
19353	1
21416	1
1355	1
-1	-1
19357	1
-1	-1
14343	1
-1	-1
-1	-1
23850	1
25347	1
24429	1
11023	1
27348	1
20424	1
27350	1
-1	-1
27432	1
22355	1
26418	1
24767	1
5436	1
6359	1
9374	1
3035	1
12938	1
-1	-1
-1	-1
3039	1
21363	1
10383	1
12382	1
23811	1
2368	1
17451	1
4944	1
-1	-1
21718	1
32439	1
-1	-1
24393	1
7376	1
-1	-1
-1	-1
18823	1
14460	1
12053	1
27446	1
13401	1
14423	1
12292	1
20450	1
24389	1
20798	1
32391	1
26129	1
15457	1
20472	1
6411	1
4474	1
16413	1
28476	1
-1	-1
30900	1
11075	1
1416	1
-1	-1
10466	1
17421	1
32404	1
7487	1
11422	1
21318	1
24488	1
491	1
17410	1
19855	1
8492	1
16085	1
20649	1
481	1
20416	1
2483	1
-1	-1
17437	1
24484	2
12423	1
6422	1
27489	1
-1	-1
18443	1
31426	1
13007	1
31934	1
6511	1
7164	1
28433	1
7448	1
9515	1
9514	1
20626	1
13452	1
26439	1
5454	1
7441	1
14018	1
30523	1
27506	1
-1	-1
29790	1
5447	1
-1	-1
15790	1
19954	1
-1	-1
22741	1
6191	1
-1	-1
2125	1
10353	1
20537	1
24472	1
21459	1
13458	1
6477	1
18540	1
-1	-1
11462	1
12529	1
24464	1
467	1
22725	1
12722	1
21548	1
3487	1
5108	1
5537	1
-1	-1
10555	1
21538	1
11477	1
-1	-1
21543	1
11478	1
3561	1
15759	1
6483	1
15498	1
20485	1
10548	1
9503	1
-1	-1
-1	-1
26504	1
-1	-1
23992	1
3557	1
5556	1
-1	-1
2510	1
26534	1
9576	1
25484	1
17578	1
16565	1
26500	1
28503	1
7518	1
-1	-1
-1	-1
28009	1
-1	-1
32525	1
-1	-1
-1	-1
29510	1
27529	1
16512	1
15185	1
2421	1
-1	-1
20580	1
16519	1
12673	1
4099	1
20600	1
1587	1
20024	1
16541	1
6540	1
2607	1
-1	-1
18662	1
25874	1
25547	2
17546	1
17549	1
3548	1
-1	-1
2598	1
5601	1
-1	-1
24041	1
11538	1
7605	1
27982	1
1543	1
9313	1
32609	1
27624	1
15281	1
610	1
19629	1
-1	-1
10285	1
12550	1
29617	1
7815	1
-1	-1
6224	1
32637	1
31556	1
12760	1
32060	1
31003	1
6234	1
-1	-1
24626	1
4565	1
27644	1
28464	1
140	1
10585	1
22648	1
11635	1
30877	1
15573	1
18588	1
32591	1
15574	1
27593	1
26576	1
27595	1
-1	-1
20482	1
-1	-1
24021	1
22646	1
11585	1
4664	1
4667	1
1650	1
19589	1
14604	1
23655	1
20601	1
31673	1
-1	-1
27611	1
-1	-1
-1	-1
24596	1
19037	1
22593	1
6617	1
11600	1
8683	1
3602	1
32685	1
-1	-1
12623	1
-1	-1
-1	-1
13186	1
7627	1
1626	2
25629	1
-1	-1
26679	1
3753	1
-1	-1
7616	1
7619	1
2634	1
22701	1
18636	1
4639	1
32702	1
2625	2
14688	1
29643	1
690	1
-1	-1
14270	1
19711	1
23646	1
-1	-1
2306	1
18651	2
21634	1
11701	1
-1	-1
28520	1
9601	1
29657	1
22704	1
21659	1
29658	1
-1	-1
15724	1
-1	-1
5662	1
17713	1
10322	1
-1	-1
23152	1
13653	1
23971	1
13584	1
4734	1
17673	1
-1	-1
-1	-1
22658	1
303	1
3676	1
22663	1
32662	1
4681	1
32170	1
25667	1
25072	1
31111	1
19668	1
26488	1
29734	1
27753	1
-1	-1
8313	1
28112	1
25087	1
24182	1
-1	-1
4678	1
19558	1
18696	1
-1	-1
-1	-1
3359	1
-1	-1
28703	1
24766	1
5705	1
25423	1
9676	1
5706	1
32757	1
3430	1
7711	1
22758	1
750	1
10712	1
5699	1
-1	-1
6439	1
18716	1
20783	1
22044	1
-1	-1
1282	1
14771	1
28869	1
9789	1
21724	1
-1	-1
21726	1
6729	1
31783	1
16036	1
27152	1
7391	1
-1	-1
13357	1
19718	1
3737	1
-1	-1
8723	1
18786	1
9741	1
-1	-1
9512	1
32726	1
28745	1
3728	1
-1	-1
-1	-1
20175	1
22142	1
25760	1
25734	1
1758	1
2800	1
-1	-1
23754	1
23757	1
-1	-1
14413	1
9758	1
-1	-1
26154	1
16827	1
18762	1
27813	1
15748	1
19815	1
-1	-1
23195	1
9832	1
28692	1
23869	1
4757	1
18756	1
23775	1
23196	1
26777	1
25824	2
8116	1
778	1
23271	1
29174	1
26173	1
-1	-1
4833	1
-1	-1
23851	1
5786	1
11511	1
30836	1
-1	-1
16105	1
2670	1
23847	1
12859	1
1842	1
18127	1
23844	1
9357	1
22798	1
19801	1
-1	-1
20851	1
-1	-1
29869	1
788	1
17807	1
-1	-1
6467	1
23831	1
18875	1
-1	-1
22813	1
19796	1
25205	1
17825	1
21881	1
14474	1
30145	1
4802	1
26869	1
8075	1
18896	1
-1	-1
13022	1
22888	1
4827	1
-1	-1
14893	1
-1	-1
14485	1
3878	1
-1	-1
-1	-1
32257	1
12818	1
-1	-1
18230	1
14887	1
3902	1
22171	1
5402	1
31329	1
-1	-1
5829	1
27892	1
19895	1
9894	1
17913	1
12896	1
-1	-1
-1	-1
-1	-1
6900	1
29855	1
6902	1
9905	1
11840	1
-1	-1
8480	1
16858	1
26924	1
-1	-1
-1	-1
20913	1
31928	1
13931	1
19866	1
1869	1
-1	-1
22848	1
32356	1
24937	1
-1	-1
28297	1
28296	1
16941	1
21763	1
2943	1
8942	1
15881	1
24370	1
19369	1
2600	1
6962	1
6868	1
18935	1
24372	1
1515	1
20888	1
25620	1
27938	1
10893	1
14955	1
-1	-1
11942	1
9961	2
16944	1
-1	-1
24946	1
6559	1
7900	1
17864	1
4886	1
-1	-1
5071	1
3625	1
15890	1
8909	1
26302	1
10808	1
17958	1
23977	1
19912	1
14932	1
14962	1
-1	-1
900	1
-1	-1
4966	1
-1	-1
-1	-1
6923	1
-1	-1
-1	-1
14924	1
-1	-1
-1	-1
22913	1
912	1
-1	-1
9930	1
24423	1
6654	1
2589	1
31998	1
13985	2
-1	-1
19923	1
23986	1
28082	1
1924	1
24648	1
1926	1
22929	1
15944	1
2995	1
7949	1
22279	1
30932	1
14015	1
2668	1
1017	1
23936	1
30003	1
1018	1
8519	1
29350	1
-1	-1
18958	1
20945	1
6618	1
28027	1
9010	2
12949	1
8526	1
4031	1
13966	1
15262	1
-1	-1
28019	1
22296	1
10021	1
16972	1
31461	1
4596	1
