9	14
205	235
20	33
5	6
192	171
15	24
175	138
9	10
42	40
358	367
51	24
12	-13
200	183
103	97
13	0
109	125
129	130
123	171
20	62
2	-7
123	125
10	-21
106	83
90	95
16	8
51	20
18	46
87	92
190	183
8	18
12	-27
17	10
9	4
120	105
101	128
126	138
346	354
129	128
374	338
16	33
302	326
362	397
56	66
22	4
266	188
211	177
26	29
129	117
48	24
46	80
6	14
4	6
21	48
103	146
138	146
289	304
20	0
358	342
12	12
218	216
309	323
5	2
12	42
31	80
72	62
218	235
4	2
40	18
272	289
200	235
5	22
13	-1
25	10
6	16
22	-5
110	144
14	29
8	-9
4	2
81	107
228	304
7	44
2	6
144	146
68	112
3	-5
312	258
55	44
52	51
2	2
4	-25
2	-15
270	268
102	133
46	62
122	146
30	40
113	85
14	24
197	177
212	222
66	90
202	241
16	22
44	57
104	78
305	334
393	384
2	4
48	33
5	-11
13	-9
31	37
6	2
32	16
86	90
128	102
54	71
356	315
23	-15
2	27
95	95
38	35
13	0
39	33
20	22
21	-7
5	-7
11	-21
83	115
33	20
10	27
3	-1
64	80
212	244
4	6
11	-1
212	188
209	213
12	64
6	-11
392	406
156	146
7	37
14	-1
177	191
9	29
143	133
7	46
9	35
5	-13
19	18
32	62
14	-15
3	8
12	8
296	338
50	40
2	35
18	27
39	8
84	73
10	53
203	188
18	4
2	22
7	-19
57	55
453	402
462	439
39	48
2	37
11	6
45	22
421	454
40	53
4	-40
8	35
93	78
370	354
2	-5
5	-17
47	97
31	-17
238	200
12	35
70	44
15	51
20	27
4	27
5	22
19	16
5	-19
141	128
6	-5
4	12
126	125
16	46
18	-7
2	0
84	53
234	261
207	228
30	48
26	20
375	371
36	40
2	-1
10	-11
30	16
117	102
6	-15
8	-19
5	-29
96	100
181	152
177	146
23	37
48	66
7	35
155	191
14	31
10	-3
199	194
242	258
14	2
8	46
48	71
176	180
10	2
5	10
16	-13
110	125
20	-1
15	33
18	18
193	188
2	2
20	18
69	105
153	183
335	342
23	18
210	183
11	80
75	37
189	160
103	102
242	278
133	100
5	-15
2	-11
4	18
465	474
303	326
50	16
114	136
12	10
364	375
20	20
12	-31
131	125
7	27
32	29
313	315
76	18
288	278
4	46
9	12
182	183
8	24
69	97
9	-3
463	529
22	12
32	20
16	4
40	42
227	228
17	40
174	120
352	304
13	-27
2	-3
22	4
9	51
275	293
13	35
20	31
5	-11
244	228
7	-11
24	-1
4	4
89	83
6	6
50	53
10	-47
93	102
98	165
2	6
2	10
8	64
310	289
4	-32
7	33
15	27
2	-31
53	60
66	20
82	66
48	0
8	53
472	439
121	97
16	-23
36	31
23	6
107	112
69	95
26	24
4	-25
364	371
24	6
490	518
117	136
13	73
83	78
106	97
9	0
140	141
30	51
124	128
2	46
6	2
66	53
25	16
7	10
10	8
20	85
88	115
2	0
2	-3
202	203
3	6
4	2
52	44
11	2
2	-15
175	222
45	100
21	40
38	51
24	0
24	-13
2	-21
5	8
29	40
165	141
237	213
9	4
41	57
29	18
17	20
11	0
107	55
7	-5
70	83
8	-7
6	-1
10	10
112	100
228	222
8	16
15	24
50	78
2	-23
115	110
28	51
5	35
2	0
2	14
8	-11
7	20
127	125
6	-13
464	444
65	69
12	-11
41	42
14	-11
6	-31
16	29
4	2
285	319
461	501
46	33
20	-32
2	16
4	31
39	6
97	73
9	22
13	60
28	62
22	48
2	-11
270	265
131	138
37	20
9	24
11	-34
20	14
2	6
20	44
45	42
2	-3
11	12
22	40
180	157
4	42
57	42
144	136
151	141
39	73
240	216
32	40
8	48
2	-13
20	31
327	338
48	51
10	8
14	8
104	95
25	27
212	157
15	22
124	141
390	397
6	4
354	375
35	44
132	144
18	-19
62	107
8	48
4	-11
16	-17
2	-5
134	117
105	171
34	42
10	22
35	-3
67	97
32	16
4	4
4	12
20	22
195	231
2	-27
413	371
4	31
12	14
20	22
20	8
8	33
8	44
4	14
82	48
147	133
2	-29
24	20
145	152
101	115
12	20
4	40
13	6
31	66
8	-11
9	8
13	10
8	8
100	73
176	171
27	42
174	163
4	12
6	16
59	18
14	40
123	133
9	-1
17	12
96	95
11	0
21	20
12	37
22	18
488	454
55	90
3	-5
14	10
193	154
67	53
10	57
26	31
148	180
23	4
126	122
24	48
407	429
4	35
73	76
20	0
268	278
42	22
111	122
19	73
8	33
30	10
22	42
70	102
2	33
20	24
18	35
22	29
54	62
390	397
2	10
9	10
2	14
8	10
4	-11
18	-15
73	48
6	-3
20	10
2	16
6	-27
130	97
9	-15
2	22
19	44
12	29
337	363
13	10
78	112
14	35
37	53
2	12
4	2
36	44
82	97
10	4
56	-7
6	-31
17	31
13	27
15	16
13	-1
5	33
20	66
92	83
4	2
16	-11
169	174
36	33
14	18
4	-38
7	-3
55	27
14	14
3	-42
154	194
10	14
232	265
6	2
157	157
79	42
6	20
2	-15
2	-31
223	210
3	12
20	42
21	18
5	10
332	393
8	-17
14	-1
15	16
164	165
54	66
303	307
12	10
17	16
283	300
20	10
2	22
7	6
20	51
4	44
81	57
4	24
144	194
6	-44
4	16
4	31
115	88
22	8
30	35
21	60
197	203
3	-9
16	8
37	78
8	12
122	125
2	-27
5	-9
172	163
108	46
24	16
3	27
419	444
10	24
256	244
2	14
45	66
4	-25
2	0
4	-17
112	136
4	6
14	12
256	222
87	71
10	8
5	18
4	6
110	107
255	258
116	128
432	454
33	40
4	-3
2	0
20	12
45	66
22	-5
4	10
8	31
27	-1
10	76
177	154
15	20
34	4
376	363
6	2
20	22
8	-11
23	20
179	203
25	85
215	174
9	33
68	31
12	12
27	-17
12	29
4	-7
30	20
49	64
11	-7
4	-5
20	44
48	60
8	22
23	29
23	12
6	4
43	10
4	24
261	319
45	22
227	254
28	12
15	71
2	14
120	80
39	22
6	31
2	4
150	146
29	60
6	27
107	102
8	57
17	0
25	-1
2	-15
4	-1
16	10
257	278
21	31
11	-5
175	194
108	100
286	289
2	33
2	-23
14	10
2	18
12	24
20	37
108	78
24	12
4	-21
12	73
32	31
151	125
61	48
19	46
23	73
42	71
2	-42
348	342
2	12
17	-11
105	90
17	53
197	188
7	-17
18	-38
66	62
45	42
9	51
19	55
4	4
90	97
22	35
16	24
4	-19
12	10
11	8
11	60
23	57
2	55
218	231
5	24
11	-7
25	46
5	-19
13	12
160	152
20	2
111	120
20	22
16	0
6	-34
5	31
4	-7
9	-3
2	-23
12	33
18	6
8	-32
20	-5
24	20
4	-17
2	2
445	501
33	18
17	-17
8	42
7	20
204	168
20	8
116	107
262	300
323	286
27	18
5	18
4	-27
39	-3
17	44
2	20
9	-9
10	0
132	152
128	149
2	44
9	69
238	289
6	12
8	16
129	160
222	241
12	46
8	55
5	-19
21	6
123	102
10	35
128	154
228	238
27	55
7	-13
8	42
7	-29
4	-7
113	90
2	-7
61	42
17	20
2	27
8	8
8	-5
4	12
14	6
134	128
16	0
41	24
6	4
6	-29
139	110
10	8
6	14
7	-32
33	6
2	-1
70	85
253	225
9	33
224	188
4	8
108	130
148	133
441	420
6	6
67	27
104	73
253	244
3	22
57	92
9	24
10	46
14	24
70	73
371	380
27	-15
24	4
13	2
10	2
5	-11
42	20
14	33
2	20
33	10
12	6
10	10
6	27
20	31
2	6
48	48
11	-21
32	14
5	40
8	14
14	16
88	57
26	35
7	6
3	-3
22	-5
292	354
33	44
2	40
310	296
4	40
17	48
16	27
27	60
177	138
36	16
129	112
14	-11
54	57
13	20
15	48
63	133
2	2
4	-5
3	62
69	51
27	22
2	10
452	420
12	44
6	-3
20	22
319	354
10	40
4	-29
9	6
237	278
2	-3
219	216
6	0
314	330
32	8
6	4
9	8
45	29
27	20
8	-17
283	334
12	33
165	180
352	326
138	146
44	60
20	6
2	8
2	-1
11	-1
133	125
12	10
26	37
15	24
294	251
61	97
16	12
3	31
57	60
18	42
205	194
4	8
2	8
202	168
18	44
15	42
8	-36
24	-15
14	20
8	-3
402	380
15	29
14	-13
126	160
75	78
14	16
20	2
14	6
13	31
71	71
2	-11
16	44
4	16
18	-38
37	55
5	51
11	37
18	-29
16	44
17	0
20	76
20	31
2	42
5	-15
67	66
35	37
11	-21
27	33
5	-17
2	12
16	48
7	-23
78	97
6	44
9	-1
17	18
78	62
81	78
20	42
37	55
14	14
10	4
292	311
17	37
16	48
40	22
8	16
10	-25
45	53
24	48
41	46
15	-9
11	-9
4	20
4	2
2	12
8	-3
4	4
7	20
12	-1
38	14
13	-3
11	-9
6	-32
8	0
13	31
186	157
12	18
2	2
234	238
27	51
6	10
4	0
10	8
88	112
11	10
118	110
36	-3
28	42
80	100
6	29
4	-17
4	-9
21	42
23	37
10	2
4	20
457	474
17	-25
259	258
24	29
3	-13
358	330
8	60
4	-9
13	4
5	-3
43	35
20	37
26	48
20	18
2	-21
4	8
8	8
499	434
18	2
7	2
10	12
34	20
20	33
27	29
13	12
3	55
114	110
29	55
2	24
2	20
7	16
60	92
189	174
16	-32
13	-5
70	46
336	330
2	-19
238	225
36	35
8	35
2	10
13	6
50	42
9	-5
10	10
135	115
5	6
110	80
6	14
20	37
20	18
126	105
9	31
365	420
5	40
31	24
400	411
259	275
146	180
4	22
180	200
59	76
283	350
35	48
4	-9
39	27
135	130
10	-3
16	-19
12	-13
96	60
4	-19
6	14
29	35
10	-3
9	16
2	4
15	-3
10	6
30	-23
122	146
19	20
20	24
6	8
3	-21
2	6
6	29
5	18
20	18
16	10
7	16
98	55
4	0
58	66
16	48
110	105
370	375
19	-19
14	-1
21	27
192	177
19	0
8	2
4	20
356	375
9	20
163	168
2	18
3	31
354	358
8	-13
7	-11
52	71
275	289
7	42
7	6
13	27
31	46
32	29
16	37
121	115
21	14
290	282
136	133
7	-5
26	-21
8	-3
59	90
123	174
4	-34
6	-7
27	16
10	27
16	18
9	29
8	55
25	16
10	14
117	144
417	469
16	42
12	-9
3	40
2	33
164	216
68	76
100	128
2	-25
316	307
6	20
12	20
23	20
9	53
119	130
8	-13
38	4
5	0
13	-3
10	0
8	46
140	165
3	8
12	10
16	-23
13	42
60	73
14	-31
4	-23
5	-23
45	57
2	29
14	8
3	-38
49	71
4	6
306	311
142	138
20	66
5	-9
106	80
8	6
21	35
15	20
10	-19
3	16
21	40
22	24
7	18
20	-5
24	44
351	307
141	188
4	-19
297	238
6	31
450	402
14	55
9	-9
2	18
132	128
10	10
2	6
37	29
3	8
350	354
299	289
2	51
12	10
41	64
116	85
24	16
106	97
14	10
7	-3
4	20
2	-74
422	429
10	27
83	22
2	-11
164	163
2	-13
16	27
2	-3
4	-3
16	14
4	-15
2	-1
41	12
24	6
4	-15
6	-17
6	-19
212	177
9	18
66	88
9	-3
5	44
422	375
27	24
9	12
44	42
110	136
24	40
174	180
6	2
20	4
6	-3
438	411
60	48
3	0
2	-38
387	371
111	115
28	10
4	69
89	133
8	27
5	-27
282	278
9	33
77	90
9	-3
9	14
7	20
7	27
12	-7
104	95
126	117
37	40
12	-13
3	18
9	16
13	-32
11	37
3	-1
177	244
4	42
4	8
13	16
15	64
162	165
4	2
36	12
36	83
254	248
348	434
3	-5
19	0
39	33
320	338
228	251
85	78
57	62
10	40
16	24
12	-31
3	-29
402	371
8	-9
8	12
20	4
13	10
301	289
219	177
199	206
283	296
4	0
27	46
17	-27
67	64
6	-11
2	8
7	62
10	27
123	160
18	6
8	-31
147	180
4	24
9	16
2	35
66	88
10	60
48	10
5	-5
8	18
11	0
116	78
26	29
5	-7
3	0
6	8
4	-31
2	-23
7	33
96	76
466	547
12	22
5	-69
16	35
43	55
164	133
13	29
2	-21
64	64
24	18
22	12
5	24
376	380
438	495
18	51
20	18
5	10
213	180
363	346
41	73
7	-9
20	8
207	235
5	55
20	27
20	20
2	42
13	14
2	-19
53	57
7	24
10	27
198	216
77	120
19	35
29	60
316	315
205	183
14	8
5	29
20	44
7	-21
7	-21
51	46
9	0
92	73
107	141
114	83
300	282
10	40
6	27
4	-7
44	48
5	-7
6	-17
7	46
2	24
14	33
66	92
4	18
4	-13
116	122
3	10
145	149
227	251
11	-17
12	-11
174	191
4	31
128	144
28	53
22	20
77	64
2	-1
20	2
127	130
12	-17
286	338
157	165
11	35
10	-3
121	112
9	-3
5	-15
5	22
15	10
116	130
7	24
463	439
407	350
7	-3
33	83
3	-7
14	20
4	-5
28	27
2	20
11	20
9	53
2	-1
2	33
8	-36
88	100
10	4
132	171
139	122
9	29
16	44
28	31
20	4
29	31
4	-11
16	18
10	-5
145	102
13	-29
5	48
20	16
94	85
370	406
24	71
194	197
298	315
50	27
21	37
8	2
39	71
16	35
14	27
22	42
2	-36
6	29
310	275
6	22
2	29
343	286
104	83
2	-17
6	-36
42	20
2	-9
18	24
23	46
2	-25
10	42
11	33
5	-15
7	46
7	29
93	117
265	174
28	64
18	40
6	2
7	42
266	258
8	35
2	-44
43	57
22	6
124	120
4	31
4	4
27	44
13	6
4	22
250	261
7	12
6	46
2	-15
217	231
2	-1
20	40
78	60
494	420
136	138
12	37
44	51
48	-3
20	4
14	-1
32	20
39	44
269	289
3	22
203	216
11	73
16	22
2	-11
211	188
318	304
9	29
3	6
2	-1
4	-13
3	22
4	-19
9	27
20	31
6	8
278	282
6	37
149	154
25	20
10	-13
147	146
8	4
47	10
16	8
27	35
20	33
15	20
10	20
4	2
2	2
129	144
5	27
7	57
9	35
8	-3
4	48
4	2
72	62
7	-7
5	31
80	69
25	0
93	133
6	35
4	-13
238	244
5	-9
17	31
2	12
11	-27
5	-42
35	27
5	-3
70	57
2	12
4	22
11	-9
44	27
497	485
2	10
9	29
2	-17
2	27
159	160
2	18
408	434
248	268
4	-9
87	64
14	-29
16	-1
7	2
8	-17
2	12
9	12
418	454
12	2
5	0
180	200
15	-3
4	20
20	27
9	33
2	0
24	-15
5	-13
5	22
20	69
3	18
13	10
11	-15
43	71
10	-1
122	78
2	-3
2	18
43	18
7	4
12	0
3	24
116	85
6	-1
19	33
6	42
8	14
5	-27
4	2
15	-32
26	31
21	51
9	55
10	8
10	51
27	44
12	46
118	128
4	-7
2	-5
10	12
9	31
24	64
2	16
20	55
170	168
2	14
26	-5
7	29
128	117
179	160
2	8
119	133
20	24
20	14
10	14
15	20
20	18
13	-1
172	163
2	-17
8	18
4	-15
11	24
5	-31
369	346
12	16
14	-21
20	20
8	18
4	-31
372	354
4	12
18	20
45	4
2	-7
6	-1
28	57
4	14
4	48
11	-29
5	27
17	44
11	2
16	2
12	8
7	-5
4	0
204	203
22	-1
8	-1
6	-1
5	6
50	42
10	-27
3	16
8	42
8	16
8	0
16	16
11	0
110	117
18	16
12	20
66	69
104	78
16	14
131	146
4	24
94	130
2	24
5	-29
261	241
10	8
14	8
224	203
3	-3
5	44
7	31
13	14
4	-3
4	16
48	18
9	6
14	40
16	16
8	24
183	186
4	-9
4	42
26	8
163	165
27	-15
3	-7
33	8
7	60
20	12
3	-15
5	-19
5	18
5	22
9	24
2	22
10	-25
168	206
441	429
6	2
251	304
292	265
5	-1
6	2
2	-13
20	64
5	4
291	304
167	177
20	24
475	485
7	-23
13	20
8	12
3	33
123	120
12	16
4	16
10	44
13	-38
134	105
4	10
3	44
17	20
4	44
38	14
17	-25
2	53
140	152
2	27
18	-7
4	-3
6	4
2	-31
4	16
10	24
450	598
21	44
4	-3
15	0
5	40
11	40
189	154
4	18
9	24
215	197
20	24
2	-7
54	76
72	40
84	66
6	-19
270	231
24	-3
6	29
20	14
7	27
10	-9
62	29
2	0
6	-21
171	174
2	-17
309	315
20	10
9	20
4	-19
108	105
2	0
4	8
12	16
20	33
4	29
4	-25
4	10
4	0
8	-1
2	12
4	-13
196	154
12	-17
9	16
16	35
35	12
4	14
9	22
20	14
9	-17
3	-19
4	33
10	44
8	4
144	125
5	16
19	6
124	130
9	-13
20	57
10	8
4	-5
2	55
356	346
5	-25
8	0
39	40
6	14
11	8
117	154
90	85
13	33
19	8
2	40
16	0
18	8
2	-1
22	16
100	117
9	53
99	92
359	338
4	24
20	55
8	8
12	2
3	-11
6	8
15	-42
13	-5
56	53
2	51
57	62
7	-21
2	8
3	6
352	323
2	18
48	51
2	-9
2	-13
34	-17
97	66
2	2
35	46
6	40
4	-17
4	33
6	27
125	115
110	130
10	44
53	76
2	-25
12	14
326	380
171	177
206	183
8	-56
2	-11
219	222
7	4
10	-21
329	350
20	35
2	71
5	16
18	22
223	203
6	-3
4	14
4	8
4	-9
4	33
13	-9
5	8
123	122
12	0
189	174
9	22
6	33
8	-1
20	51
2	20
4	2
6	42
214	213
7	14
170	210
8	16
6	8
8	16
140	174
10	-11
2	12
126	115
10	4
11	-15
194	165
2	-5
140	186
385	358
10	16
8	22
9	53
142	97
246	235
10	14
20	-5
10	20
338	307
241	222
172	241
14	22
12	20
20	18
282	268
7	10
7	31
215	186
104	100
8	4
8	-5
266	350
3	-13
2	-5
2	-15
110	80
12	-7
30	-9
6	12
110	69
3	-3
2	4
8	10
9	18
2	-9
4	-5
4	-1
2	44
363	354
20	-5
260	293
438	454
20	35
2	-13
334	300
82	130
23	14
181	174
6	-1
20	0
4	8
2	10
216	219
2	16
126	138
9	4
5	-3
21	-1
26	48
10	2
2	0
86	73
30	16
20	35
18	6
460	406
9	-27
2	37
4	27
108	120
2	46
8	16
42	14
7	40
10	31
27	8
32	27
4	29
56	71
80	48
10	-7
12	-34
27	44
8	-11
49	33
9	-11
6	4
9	8
122	62
7	-5
280	238
6	46
17	-17
2	4
263	238
16	42
293	342
80	62
148	97
4	27
6	10
14	-1
17	53
6	12
14	16
16	-15
10	10
7	6
104	125
4	10
9	22
7	-7
12	6
4	18
32	18
5	-9
63	53
4	10
14	4
320	268
15	35
4	20
16	29
2	14
468	464
4	55
2	-15
136	125
41	24
41	14
14	14
490	474
124	144
7	-29
43	27
8	2
50	33
14	2
17	14
55	66
212	174
9	-27
5	27
2	40
10	2
20	4
139	171
12	22
15	40
4	-21
58	37
20	8
6	18
2	14
4	-5
12	-25
11	-3
160	186
3	31
12	-7
12	-27
27	37
124	95
2	20
3	-13
2	-3
2	14
109	92
2	-31
4	-27
12	-15
6	-11
4	12
2	-19
196	210
16	-29
2	-3
17	-17
9	33
3	4
21	18
3	-25
146	174
2	6
302	326
17	27
367	367
14	10
2	-21
7	6
6	-17
384	415
8	24
6	2
92	90
6	-5
37	62
33	53
2	-23
200	188
4	-17
204	231
2	8
15	-9
8	18
20	37
4	-3
23	35
316	304
15	-21
6	37
8	2
62	22
4	-1
105	71
24	66
4	24
10	-34
6	6
16	29
20	29
9	40
6	14
179	168
4	4
4	-36
3	27
116	107
9	2
339	304
40	57
2	-15
214	168
24	4
7	-23
72	76
224	177
149	110
112	69
12	31
2	29
94	130
38	4
18	29
8	-13
6	-25
2	0
5	18
469	535
4	31
2	14
8	4
7	4
366	402
20	20
47	60
297	326
4	10
130	154
6	8
3	44
18	29
21	8
84	133
2	-19
12	10
18	-1
8	-9
20	44
229	197
376	380
495	459
117	120
137	120
6	-25
4	31
348	323
42	71
73	107
24	4
93	122
166	149
16	-5
8	-5
4	-21
3	40
58	53
12	42
7	-9
8	0
4	37
416	429
10	8
275	271
493	495
7	-23
28	10
4	14
25	71
402	375
6	10
7	6
4	2
15	60
424	402
240	241
2	51
66	97
484	449
238	326
6	-5
16	-7
6	-5
123	85
4	-17
24	40
7	-1
2	10
102	130
4	-19
140	163
2	-7
2	6
24	42
105	122
2	0
6	-5
7	4
9	-5
12	27
2	-13
8	42
216	225
42	27
42	31
4	18
49	73
2	22
401	406
2	-9
95	136
8	33
10	12
6	-3
20	8
8	8
50	95
18	6
11	6
4	0
4	-7
2	29
12	-3
4	-17
34	60
6	-1
2	-11
4	16
2	-7
82	48
210	197
6	10
10	20
2	-13
13	6
56	125
2	-27
394	434
351	415
74	48
136	115
10	35
2	22
2	-5
46	35
6	-7
6	18
74	76
4	-1
2	-42
9	-9
32	12
44	62
3	-17
6	14
28	-7
2	8
6	-17
4	12
4	37
177	248
4	24
8	10
124	110
69	53
15	-7
2	-11
4	-7
8	-25
5	-5
10	29
2	14
35	44
23	-1
8	60
6	29
7	10
228	293
3	16
10	-11
155	157
4	-3
9	-42
6	-21
15	10
8	22
44	27
11	-7
9	12
130	110
148	163
7	44
2	2
20	-3
4	2
3	40
218	219
46	71
107	125
8	22
6	0
186	191
21	24
2	6
2	27
3	12
154	177
193	206
2	-34
5	27
340	311
344	350
2	-9
16	40
88	71
176	177
2	-9
126	130
55	51
8	2
286	293
204	213
22	-1
101	80
5	-13
7	-1
10	-5
216	225
7	6
15	-5
20	18
400	415
15	31
128	125
10	27
189	251
23	27
2	2
6	18
2	42
8	16
3	40
100	64
389	375
2	-17
5	-19
364	289
4	22
18	24
20	33
14	-1
5	12
2	-21
20	10
42	-3
2	-9
103	149
20	40
262	265
8	8
2	40
4	-47
7	22
9	76
10	29
7	27
7	20
4	-7
8	55
5	2
4	-25
2	-7
8	0
48	27
3	16
24	-38
20	29
2	18
6	12
4	10
8	14
107	112
10	29
52	40
2	10
10	-32
271	271
125	100
13	24
28	42
73	46
14	6
20	33
12	-31
15	22
8	22
170	177
6	29
9	8
9	-5
127	144
106	95
6	-23
116	78
190	225
4	0
8	8
374	346
2	40
2	48
4	-1
18	-3
15	-1
5	20
10	35
9	22
36	20
14	27
54	22
2	-15
2	16
19	22
9	2
2	-11
55	62
5	12
20	42
10	20
132	122
7	0
468	464
180	203
4	62
32	0
4	-3
20	4
24	14
2	-13
5	37
66	33
2	10
10	-5
215	241
2	12
4	10
20	14
12	6
25	18
2	4
42	22
5	51
12	-9
50	51
3	29
2	-21
27	-13
3	-7
2	-9
2	-19
36	60
2	-19
4	44
5	14
4	24
8	57
12	-9
9	27
6	-19
146	130
484	512
6	-3
2	55
292	258
4	20
2	20
3	-3
3	-44
11	-21
54	71
60	40
20	-9
2	-23
11	8
12	35
34	57
153	138
60	64
12	31
4	-32
20	29
4	14
102	122
4	4
237	323
4	4
9	46
140	203
36	46
2	-17
10	-7
20	69
20	33
184	174
2	-32
106	102
47	20
2	29
3	0
124	125
2	-38
6	-9
136	88
484	495
90	60
8	12
8	16
4	-17
4	-34
153	165
284	244
277	275
112	100
10	-19
46	53
11	-11
36	37
7	24
106	117
2	10
355	397
9	-5
420	439
9	44
176	186
48	66
10	20
7	-3
25	10
22	-3
128	102
12	44
197	200
4	4
3	12
4	-9
4	6
7	10
8	42
36	20
9	8
3	4
6	0
20	33
2	-7
6	22
2	4
8	-5
121	122
2	20
13	8
8	48
9	12
13	27
5	6
389	411
27	14
4	40
6	4
20	29
491	454
2	40
4	22
2	-9
8	10
183	206
13	48
14	8
2	-1
4	0
176	183
16	14
218	248
4	-19
3	18
112	97
8	-3
6	10
116	146
138	157
5	-19
5	10
16	-7
4	-15
20	20
2	33
20	4
20	60
31	24
10	-31
21	10
6	-5
104	69
3	12
2	16
4	12
2	6
8	6
12	2
4	-21
499	541
20	-27
106	128
257	319
2	4
51	60
21	20
4	-25
5	-5
21	0
2	-3
148	154
5	-13
61	62
8	-15
56	83
2	-11
358	406
3	-38
12	-1
8	14
16	48
105	117
2	-3
132	152
9	16
5	-1
8	10
10	10
2	-7
6	-23
13	69
8	4
2	-9
4	14
2	48
6	44
264	300
64	76
5	12
20	48
12	48
6	4
2	33
4	31
134	165
8	-1
21	20
3	44
17	10
20	16
20	12
9	14
5	0
377	393
2	20
3	-7
10	4
80	78
121	122
24	20
4	18
247	235
6	16
2	0
396	342
8	16
328	380
45	78
10	14
4	-19
2	2
41	62
328	354
323	319
12	8
30	51
151	171
6	-21
69	37
232	225
20	-17
2	12
4	4
22	18
306	286
2	-15
4	0
18	4
183	186
20	10
95	90
20	-7
113	149
20	0
8	2
2	16
453	402
6	-21
67	22
20	6
5	48
3	-23
3	-17
8	8
2	-5
7	22
230	235
14	10
155	130
20	12
26	69
42	4
42	51
2	4
200	197
4	4
3	22
4	-5
9	6
225	238
7	-19
224	258
2	0
3	2
198	171
2	-31
140	180
10	10
20	40
275	225
6	53
148	128
2	22
8	20
2	16
2	12
10	8
30	12
166	152
132	149
150	157
4	6
3	2
7	48
346	354
109	90
341	380
211	200
207	241
4	29
3	-32
5	-7
493	535
4	27
212	180
20	-23
9	16
8	24
20	40
12	35
27	31
32	76
2	53
4	60
5	-3
20	69
100	110
156	120
16	-7
5	22
4	-51
16	-17
28	10
20	69
3	-1
130	146
70	88
7	20
5	27
3	10
4	0
148	180
6	10
96	73
8	4
18	12
10	-25
10	16
20	10
3	18
4	4
2	16
3	16
17	-11
2	29
6	6
4	35
4	-13
4	44
12	29
7	42
280	200
9	10
32	48
184	238
5	35
6	-34
110	90
11	22
6	53
4	42
15	33
2	2
3	-17
13	-34
5	24
7	-15
352	326
36	10
113	168
2	16
11	20
2	-5
16	24
284	268
8	-13
11	-17
4	16
4	31
52	60
18	-5
198	149
102	105
3	-19
41	42
60	62
20	0
13	-3
7	-1
5	-21
2	-27
368	346
10	16
120	136
10	-7
4	-11
2	20
161	200
3	60
4	14
128	107
4	18
6	-31
6	-9
8	-19
416	429
223	265
9	20
8	2
3	14
86	122
2	27
8	-5
18	31
253	248
10	-42
9	2
10	29
14	24
50	33
10	46
7	33
7	24
13	22
20	33
46	73
12	10
18	76
5	20
20	62
120	107
54	44
26	18
20	4
24	-1
6	-29
20	20
7	-17
20	18
12	-3
2	14
10	22
238	194
14	2
139	128
7	2
8	-9
4	20
80	78
2	-13
130	154
5	-42
2	20
67	102
23	37
8	-9
4	-21
4	29
4	-44
294	307
10	44
15	10
114	141
2	-17
145	186
484	512
96	117
2	12
240	248
113	85
12	-7
7	0
20	27
2	-1
4	-7
16	-19
334	350
4	27
10	2
242	251
11	22
10	-34
6	14
16	-19
5	10
3	-19
8	73
2	-13
2	-27
4	-1
216	171
4	-1
6	-15
4	-11
4	-13
28	62
7	-9
108	117
6	-38
13	0
332	350
20	35
6	-5
8	20
18	2
8	6
2	24
3	20
2	-13
5	31
168	191
4	-3
4	48
4	60
9	-36
7	12
211	228
7	0
58	51
5	6
54	29
20	27
6	-3
56	76
17	20
2	18
6	-38
26	55
207	183
16	42
4	4
2	-5
2	40
12	62
2	33
2	-17
14	14
12	40
4	64
5	27
20	44
12	-1
275	251
2	14
5	0
4	-5
187	194
4	2
2	-9
6	-17
4	-7
2	-11
4	12
2	20
7	2
145	149
14	60
2	29
8	20
2	12
300	323
2	20
4	14
9	2
126	102
266	268
16	4
4	-13
4	-19
135	138
20	14
490	474
8	2
3	14
119	112
14	-7
12	37
6	8
2	-13
12	10
102	80
5	16
4	-7
2	42
68	57
6	4
20	2
2	14
105	107
16	40
5	18
4	-36
9	14
192	171
4	6
2	-29
113	117
12	2
72	88
472	464
132	115
2	8
8	0
12	18
8	12
4	31
16	29
8	83
3	-25
6	12
7	-1
8	-15
8	-9
39	12
2	44
92	80
3	83
9	-5
368	342
2	-1
2	-17
2	-1
114	120
12	2
234	200
20	62
20	14
8	27
114	117
4	-31
3	-1
4	29
7	24
2	10
2	10
4	22
4	-1
15	-19
2	16
106	125
2	-21
5	-3
191	191
5	62
239	244
276	311
2	-9
9	6
295	261
12	-15
92	141
6	48
3	16
2	37
4	-32
462	506
17	27
2	10
2	-29
130	128
8	10
9	55
13	44
408	439
14	-3
52	44
9	-25
74	51
23	20
8	6
166	168
2	10
82	85
327	315
10	-15
4	-7
6	8
20	27
13	46
2	6
9	16
132	136
20	-17
110	80
2	-1
11	22
6	-31
4	-1
4	46
33	20
14	2
37	8
2	18
3	-1
462	464
5	29
102	138
2	2
8	35
3	-19
2	10
34	10
8	-29
12	37
10	-13
136	144
254	216
19	-15
12	-5
15	14
8	4
116	88
2	-44
124	133
5	-7
8	-1
217	206
3	-21
102	136
20	20
2	62
222	188
4	31
344	293
3	6
28	24
4	-15
180	183
246	251
6	42
6	2
20	2
2	42
12	10
236	254
5	22
32	88
6	-23
2	2
2	-31
6	8
5	-15
10	12
2	2
8	8
30	35
31	35
63	88
4	-1
2	42
2	16
4	-5
8	-7
141	115
2	27
183	188
2	31
188	177
66	92
230	219
98	110
2	-44
9	-29
174	203
156	197
5	29
192	203
3	16
6	22
4	-36
15	35
2	16
149	163
3	-5
3	8
17	31
6	64
184	183
4	12
91	92
5	2
2	-15
2	2
2	57
252	197
5	-21
17	14
4	0
5	6
2	-38
20	42
4	-9
122	177
4	0
2	-3
288	244
2	71
62	95
18	31
20	29
65	83
2	35
2	8
2	-34
14	57
15	22
2	-9
3	-25
4	33
4	44
128	128
16	57
89	107
20	37
54	78
8	-5
4	10
2	31
10	-11
92	76
6	14
3	16
2	20
4	2
5	-23
8	-27
2	-23
20	4
20	29
9	18
260	251
224	219
4	-5
5	-21
2	-25
2	4
6	-23
330	334
10	-65
2	18
316	326
16	-11
210	222
10	-3
2	6
14	-11
4	-31
5	35
6	14
120	76
2	24
472	474
10	8
5	0
2	-1
6	8
163	191
2	0
28	29
9	55
168	188
13	31
2	10
2	-11
2	8
32	46
214	254
16	14
4	-11
373	350
22	33
6	-7
4	-23
6	8
9	-32
20	-17
20	73
2	22
4	2
25	12
432	454
9	2
8	51
9	29
6	-5
9	27
76	78
2	8
2	-3
335	375
74	92
14	35
10	-47
10	-1
3	6
8	20
39	14
6	-1
118	146
3	14
140	110
174	174
3	-9
4	-21
4	-19
158	125
6	20
20	44
4	-15
64	76
20	0
106	92
7	-21
18	20
176	168
8	18
8	-7
4	71
2	8
158	194
20	14
2	-11
328	338
2	46
2	37
124	112
5	20
20	33
18	-1
2	12
10	8
64	66
2	0
2	0
3	2
9	20
24	-9
2	4
38	44
134	115
4	10
4	31
429	425
204	122
6	-17
6	18
8	-19
6	-1
12	-31
484	439
3	33
4	24
2	-21
4	-15
9	48
74	100
6	16
2	-13
370	354
10	35
2	-1
100	130
6	14
4	-17
261	238
7	29
2	0
7	-9
8	18
182	163
7	-23
106	120
133	125
20	37
6	-7
6	-1
32	57
2	-32
226	210
19	31
434	506
2	-5
14	-29
128	115
6	-9
8	14
10	-25
245	248
10	8
110	146
166	174
20	14
372	434
4	6
180	160
5	-15
20	12
4	-31
12	57
3	0
8	12
2	4
2	48
322	319
2	12
2	37
4	-1
11	0
8	-21
11	-11
8	2
7	6
20	40
6	-19
4	27
14	18
280	334
38	37
8	33
154	163
2	-25
28	44
9	29
6	12
4	20
4	-5
8	4
6	-1
2	-15
7	-21
12	8
24	37
8	-3
8	12
2	-3
40	-27
136	152
2	16
16	-21
52	78
12	40
3	53
156	130
7	16
68	62
3	0
4	4
4	12
8	0
26	51
2	-19
42	12
2	18
2	-21
6	22
2	0
12	-9
2	0
3	-11
20	12
6	22
4	-7
90	97
5	16
129	128
20	-21
6	-23
6	33
12	24
7	16
64	90
12	-9
10	22
2	12
6	46
128	130
2	31
218	251
344	354
79	80
108	64
52	90
9	-23
2	-21
20	2
9	27
23	16
172	157
2	-9
2	-29
4	16
2	-27
12	6
2	0
2	-5
5	4
2	-15
347	406
8	4
20	6
2	-9
6	-31
2	6
153	194
187	194
2	-1
4	-23
4	10
7	-11
4	-7
6	-1
4	33
16	4
4	-9
20	71
42	76
8	42
96	136
4	10
20	66
8	-5
4	24
3	16
7	16
10	8
3	31
30	12
5	-7
6	-7
4	29
2	-47
32	8
16	24
2	-21
20	35
2	6
2	-25
16	12
7	16
2	16
330	311
114	95
3	2
74	35
55	12
7	31
2	12
10	-7
4	-3
9	-7
13	2
7	37
369	363
5	20
3	-19
2	4
170	168
2	22
6	27
2	31
2	-36
2	4
116	117
55	42
113	115
4	-13
55	62
6	-11
2	-23
16	90
6	-15
4	-11
93	73
34	18
154	141
2	18
49	57
5	8
6	16
6	0
4	14
2	40
384	454
8	35
174	165
4	44
10	48
12	22
20	10
322	315
4	-3
5	14
8	31
8	35
78	46
2	-3
82	53
22	-9
11	31
130	130
2	22
22	35
12	16
8	-1
15	57
4	33
196	254
7	37
20	40
20	53
4	33
4	-31
8	18
8	-9
8	-15
42	60
6	4
107	146
2	-42
6	-7
160	168
4	2
13	31
20	16
22	40
9	4
6	-5
5	-13
4	10
28	14
2	-3
21	10
4	-25
2	37
322	323
2	-25
5	57
20	4
2	-21
47	71
20	16
2	-7
2	-31
258	282
4	6
118	122
2	31
3	-19
7	53
20	6
2	-11
16	-3
4	-1
6	6
2	60
3	16
114	120
222	251
220	188
116	122
10	-3
4	-5
2	12
6	0
288	231
2	8
135	95
48	33
336	397
2	12
173	210
10	48
2	-5
4	-25
20	14
52	40
20	16
2	2
492	495
4	0
46	35
104	107
6	-25
4	2
14	-11
24	-3
2	37
128	88
2	48
8	44
16	44
5	16
45	62
9	-29
128	141
20	-3
12	20
2	4
12	31
10	53
4	2
4	-7
14	14
2	4
2	42
48	62
12	64
7	4
23	14
6	6
7	24
2	-11
10	-13
6	-19
340	330
312	346
7	-11
336	319
3	42
3	4
3	-3
2	40
6	12
5	-15
3	20
2	20
2	-36
10	-3
138	128
3	4
12	-9
46	78
2	-11
226	251
262	241
6	42
6	37
138	133
2	31
8	24
6	-32
16	-7
49	24
201	222
2	4
2	24
2	18
8	10
7	27
34	40
10	-15
4	48
4	2
6	16
4	22
5	-3
20	0
24	40
4	-25
4	35
2	18
20	31
10	-13
2	2
8	-11
20	8
4	10
5	-1
4	2
6	-36
6	18
54	35
9	22
7	14
232	235
32	40
4	16
26	2
6	-5
24	12
2	-13
5	-3
5	-11
3	31
10	22
4	18
5	10
4	16
5	16
20	16
10	6
28	2
4	33
5	12
112	160
3	-44
4	27
224	238
2	-23
2	18
188	107
4	-25
4	14
60	83
250	271
20	40
22	33
6	4
2	-21
68	57
220	191
16	29
10	4
172	136
3	-15
4	53
434	485
10	-9
8	-1
8	-23
2	27
36	44
3	0
4	0
28	40
6	-55
6	14
6	4
28	29
94	144
16	-5
6	2
2	-7
6	48
356	388
20	4
2	22
2	14
168	174
6	57
2	31
2	64
4	-11
2	-19
2	2
3	12
160	180
36	48
2	-5
2	-36
72	78
165	160
6	8
20	2
10	0
188	133
3	37
2	-53
2	14
20	18
255	235
263	238
3	16
16	53
8	18
14	14
2	0
184	203
82	60
17	48
60	42
9	-17
3	-15
2	-25
281	275
4	-21
15	2
52	24
6	-11
176	160
173	177
78	73
32	16
2	6
104	154
5	-17
4	6
9	29
17	12
4	-34
30	46
2	-23
84	88
6	-23
7	35
4	37
7	-17
131	115
30	37
74	71
2	-7
12	-3
8	27
20	64
3	-19
7	10
5	10
31	10
250	203
18	16
2	-1
192	130
74	88
188	186
18	-7
4	-21
2	-11
4	37
6	-7
486	420
4	14
76	69
20	-7
184	165
134	165
16	6
8	31
2	-17
156	163
2	-19
6	-29
276	219
2	40
2	-13
2	-11
2	0
5	14
42	29
4	10
2	27
3	29
4	33
64	85
4	16
5	6
2	0
20	4
24	37
217	206
4	-11
99	120
2	-21
20	2
110	97
20	16
24	10
124	130
320	265
376	380
7	4
276	265
92	107
2	-21
158	168
2	51
37	51
18	44
6	2
2	-21
5	8
7	-7
5	-23
5	18
4	6
2	0
2	-25
5	18
19	-27
12	51
4	-9
483	518
304	235
2	-3
2	-7
2	-27
352	380
2	-34
2	-13
20	40
260	275
20	27
2	-3
36	27
9	55
4	44
20	18
2	0
2	6
6	31
6	-15
10	14
20	2
180	165
2	-21
4	-32
3	-1
5	20
236	248
6	46
36	66
2	-49
94	69
12	44
446	501
15	46
2	14
7	4
2	-46
4	-21
22	-7
126	144
4	27
163	168
171	171
2	22
101	115
6	-40
6	12
8	-13
77	92
2	35
20	76
8	8
6	31
8	-13
7	14
3	4
2	16
10	46
388	406
2	12
56	42
20	69
2	-9
4	24
20	6
6	22
40	-1
51	64
4	-3
9	27
8	10
20	10
4	-11
3	-7
10	-1
4	-38
5	-11
18	33
2	-9
22	48
12	8
4	24
120	110
3	-15
5	2
28	33
8	-19
20	10
2	29
2	-27
20	-7
6	-5
4	-13
8	12
56	37
8	51
2	37
52	90
8	-11
2	35
31	10
20	44
5	-17
20	24
3	-19
20	29
6	-7
129	146
4	22
12	29
6	-15
2	29
8	-13
20	-1
154	144
12	2
5	6
2	10
20	27
6	16
4	16
109	57
16	-17
3	-19
3	0
9	42
2	37
8	18
51	14
20	10
4	20
2	14
20	-23
12	42
10	53
2	12
14	40
2	-25
290	289
65	69
20	6
2	2
2	14
7	-5
20	55
16	-9
84	95
3	2
2	6
5	-19
184	188
90	90
63	76
75	95
15	-36
18	46
42	27
3	-21
3	16
2	16
4	24
3	33
36	14
20	14
2	29
326	289
4	18
2	6
24	27
4	33
2	-5
145	180
244	275
194	165
12	-15
130	112
4	40
6	18
7	-31
3	27
10	-7
8	-38
4	-19
2	-13
62	80
132	102
18	16
10	73
7	12
12	-1
5	-7
2	0
2	40
4	0
2	-38
73	73
2	8
6	4
8	-27
2	-9
5	8
2	44
4	35
126	138
96	130
7	31
12	27
20	29
128	130
4	0
15	24
104	97
208	210
20	42
3	-32
190	160
12	2
16	27
8	37
2	18
2	8
4	6
2	44
5	18
123	144
114	120
12	18
108	83
4	4
4	-19
9	14
2	-38
20	8
40	40
214	206
40	8
32	24
3	35
2	-47
82	35
9	16
64	73
78	37
20	4
95	80
18	8
6	-3
8	-25
8	44
28	-9
6	22
345	338
7	22
12	48
135	107
5	33
4	42
166	83
2	4
4	-3
58	88
2	-9
7	20
4	10
2	-29
104	130
174	138
146	194
308	289
264	254
2	18
5	8
6	2
22	4
10	-5
20	24
308	282
4	62
6	35
2	18
70	110
8	22
2	2
6	18
8	12
8	0
4	14
20	46
4	0
2	14
120	133
21	6
4	33
6	-13
2	-21
4	0
4	-17
15	-9
8	6
2	14
434	479
4	-38
6	-7
2	22
9	10
2	10
20	37
181	165
10	8
20	6
257	228
2	0
9	-34
2	42
4	-13
42	55
8	27
6	46
20	18
3	-36
2	-7
4	-29
4	-31
6	20
4	-11
2	-15
7	2
4	27
4	-13
201	186
5	10
20	12
8	-9
2	-27
2	-7
20	29
14	12
121	130
256	311
114	88
4	0
10	29
8	55
8	20
8	-5
2	48
38	33
20	4
9	60
53	62
2	-13
268	289
2	8
2	20
2	-9
2	6
3	20
2	-7
4	4
7	57
38	44
4	-9
2	-19
2	20
6	-40
20	-17
4	-1
4	8
20	20
32	4
2	35
3	8
12	44
5	-11
2	-11
2	-7
20	6
8	2
4	8
8	-51
4	-7
4	-7
8	4
6	24
4	-9
8	14
2	0
3	-3
12	0
12	37
4	-38
2	12
4	-1
20	4
4	-1
2	0
22	6
2	2
4	-38
2	-23
4	-15
3	33
8	37
18	-11
4	14
2	-19
10	10
5	-42
60	51
20	10
4	20
9	-15
271	307
4	27
2	-46
2	-23
8	24
2	16
244	225
10	46
16	10
13	14
20	-29
36	29
2	-11
7	10
23	22
4	4
2	8
222	203
20	-7
35	42
8	0
10	14
2	46
5	-31
2	-9
2	16
4	6
2	-27
20	-15
2	-34
20	27
62	60
172	152
5	16
8	37
2	-11
6	-27
3	31
404	425
213	203
168	149
4	44
12	8
4	4
48	73
4	24
16	48
76	35
8	29
12	-9
14	-7
6	-7
4	16
2	4
4	-9
2	-23
35	8
6	18
24	18
112	83
114	110
13	24
6	40
12	8
4	18
2	-9
2	6
6	44
2	16
8	-1
4	-17
9	-7
37	8
24	2
4	16
3	12
20	6
16	69
110	115
456	464
28	18
2	-7
4	-7
4	37
20	-7
2	8
378	406
3	6
4	0
2	0
2	-7
155	160
6	-5
2	-21
20	31
16	-9
6	-11
2	-1
8	46
134	146
224	258
364	350
5	24
12	35
230	251
2	-23
2	-1
104	107
20	-9
8	18
3	-21
6	-55
2	6
4	24
20	60
8	-9
2	-11
6	-13
3	35
148	130
32	2
4	-1
237	231
6	35
4	-21
2	22
134	125
2	-3
8	-3
10	12
121	92
56	66
3	-7
2	-1
4	10
90	71
22	22
2	-7
6	46
16	14
18	4
6	14
12	-29
5	24
5	20
4	-3
18	33
97	88
9	-15
6	12
2	10
60	55
2	12
189	154
8	6
2	-11
10	18
62	35
7	4
8	-21
143	122
20	27
2	-5
3	22
176	194
12	-21
2	-7
3	-36
166	177
8	-27
59	115
20	2
2	-32
4	-47
5	-21
8	8
2	10
12	-9
16	14
192	180
2	14
2	42
99	71
20	40
4	-5
4	10
20	22
2	0
5	35
2	14
37	37
2	27
4	40
10	8
20	31
150	152
20	10
3	-3
40	80
2	-9
20	44
4	-11
20	20
8	20
20	71
8	12
69	76
6	18
4	31
20	40
20	-15
2	-9
20	18
54	62
203	186
10	46
4	8
108	107
2	18
4	-5
40	71
4	-31
26	71
2	20
159	165
4	-15
8	33
36	53
5	10
170	128
4	10
20	73
20	24
2	14
222	219
16	8
20	10
2	12
190	241
4	-15
6	-23
16	12
20	69
8	62
12	-1
10	-31
4	0
386	330
20	0
2	31
142	165
139	206
236	275
4	8
32	35
20	27
8	-17
2	29
3	14
8	-21
4	-7
2	-47
4	-36
117	117
4	-1
2	-7
32	42
10	33
5	12
16	6
13	18
32	44
2	-13
20	-1
6	-13
2	12
2	42
7	22
3	46
6	24
2	10
4	29
3	-38
16	4
10	-38
228	180
12	10
4	-17
48	42
3	0
92	92
162	228
4	-7
4	-1
8	-17
100	149
20	40
6	31
47	90
22	24
4	31
20	10
5	4
4	-21
6	20
365	380
258	261
28	42
6	-17
162	125
2	42
74	60
22	40
10	6
3	-9
20	20
2	29
28	4
10	-15
6	18
198	165
106	117
2	-1
20	18
461	439
6	18
191	171
2	69
81	85
12	42
4	2
2	-5
3	8
6	60
2	-1
70	44
124	144
8	-11
236	222
2	6
78	95
4	24
6	2
5	-21
122	105
20	-25
2	40
60	69
19	20
8	-32
14	22
2	35
434	474
4	-7
2	40
3	-17
2	-19
20	29
10	6
16	-21
40	57
5	10
4	-17
182	141
8	22
2	-21
8	35
4	-19
2	-46
2	0
3	-9
2	22
19	40
2	10
14	20
20	-3
8	35
8	31
2	-5
2	-21
4	-11
148	197
10	-19
2	6
2	2
6	31
3	0
136	80
5	4
2	20
152	174
9	6
6	24
12	2
8	-13
4	10
208	210
16	-9
11	42
6	6
20	-15
6	27
4	27
18	20
5	12
4	-9
104	100
20	37
4	10
2	6
20	-1
12	-27
138	128
2	-7
70	76
14	-9
190	241
2	12
2	-9
16	27
8	-15
2	-5
5	12
2	2
68	37
2	-3
150	149
3	-1
6	0
178	165
335	319
16	6
16	-13
4	6
9	-47
2	8
12	4
2	-7
2	-31
20	8
5	10
372	384
92	146
147	136
11	31
412	429
4	27
12	-5
2	6
4	8
8	0
6	-3
2	-7
278	289
20	10
373	429
13	14
8	6
3	-34
12	27
74	78
6	-13
2	4
7	18
66	88
48	40
20	20
22	35
6	-11
4	-7
232	197
5	31
20	37
8	-23
114	112
2	16
102	110
4	2
7	-5
4	-7
2	14
2	-21
30	33
368	371
2	4
3	-5
2	51
3	-11
4	-19
4	27
2	-42
16	-1
378	380
5	24
5	-1
34	33
443	415
8	31
2	37
4	8
2	8
6	4
3	-15
20	24
20	46
2	4
139	128
6	37
2	-5
8	16
10	-3
204	231
2	-42
22	12
12	-51
6	-3
312	338
4	8
4	-19
2	-31
34	18
4	24
56	64
22	46
20	-7
124	122
20	14
20	14
6	6
6	53
394	363
20	4
7	-11
252	261
282	244
2	-19
3	-15
16	27
48	44
9	14
72	73
4	35
218	244
20	18
16	18
282	311
12	16
3	-5
52	31
156	157
2	16
2	2
2	10
3	2
20	46
17	42
9	31
28	20
27	66
98	66
7	8
7	6
4	-7
142	130
18	62
2	-29
14	0
4	-31
4	-3
2	-19
10	-11
58	20
20	4
2	-17
62	53
122	122
4	22
138	144
4	4
72	66
5	-17
2	40
2	18
313	296
216	228
20	2
8	66
2	-46
2	0
2	44
202	168
4	18
40	18
2	2
18	10
2	-3
2	-1
430	402
4	12
44	16
206	216
2	-1
20	-23
2	-1
2	8
4	24
34	69
20	20
4	-31
4	-9
4	22
17	-15
222	244
2	4
16	31
2	31
10	24
5	-11
262	231
10	-21
2	20
4	-1
20	18
2	-15
200	197
37	24
2	-27
2	37
12	29
308	300
2	14
4	-29
6	12
8	-21
16	8
41	73
2	-7
2	-1
88	53
25	24
4	-21
2	-34
2	31
2	10
14	0
2	2
2	-32
4	-13
6	12
2	-9
4	-3
116	112
14	-17
2	16
2	-27
8	-9
2	-3
2	10
4	-49
4	42
238	251
10	27
12	-21
3	-5
424	384
4	8
20	8
4	14
180	186
338	326
122	149
80	71
20	27
4	-34
2	83
8	64
270	268
2	27
2	-15
100	112
16	20
132	191
12	48
2	-19
2	-32
10	10
8	-15
6	20
2	22
2	8
6	51
6	4
453	434
128	90
2	20
7	31
106	141
156	180
5	-17
24	29
6	10
5	-1
2	20
2	-9
468	495
8	12
8	-13
36	60
6	14
2	-23
408	388
31	27
152	154
2	-1
4	4
4	-11
68	88
6	-11
8	18
2	-13
13	-5
4	-29
20	60
29	20
2	29
4	27
5	24
7	-17
20	0
442	459
180	168
4	-3
4	-1
20	20
6	12
7	8
188	174
2	37
72	64
2	-13
20	-21
2	29
10	-1
289	244
6	12
6	37
8	10
4	22
5	-17
34	-5
2	-34
8	51
28	27
40	27
2	31
76	64
8	12
2	2
4	-15
8	27
6	-11
2	-5
2	6
2	22
20	29
8	-27
14	-5
2	-3
2	0
2	22
4	85
14	40
2	4
2	14
14	-3
162	141
6	18
2	20
8	18
2	-17
8	12
41	57
52	83
8	-1
4	6
2	-9
3	12
2	24
2	60
94	154
22	0
20	22
332	367
4	35
30	33
3	27
4	40
4	35
18	2
12	-5
2	14
10	6
72	48
8	-5
2	12
8	14
8	6
2	-1
4	6
4	12
404	363
2	18
104	146
118	112
3	-3
5	-13
10	-13
96	85
4	18
4	-34
2	-29
12	18
2	35
10	-3
28	29
2	2
13	16
20	22
239	286
2	-19
4	8
2	-3
8	-9
2	14
90	88
20	66
2	14
12	24
17	29
324	265
4	6
20	27
4	-11
210	219
20	4
2	-13
8	8
20	2
184	152
20	44
6	33
4	-3
20	24
9	14
2	-11
20	2
4	-19
2	22
2	-27
2	-1
209	222
4	8
2	-34
20	44
30	6
20	40
2	24
20	6
2	31
2	-5
2	31
20	46
4	55
14	18
2	-15
3	31
14	31
43	18
12	-27
82	85
2	-36
31	-21
6	-11
358	384
44	16
2	10
76	80
214	244
2	-23
60	55
2	-46
142	141
2	6
4	51
147	149
10	37
2	22
62	57
2	-27
28	31
20	22
3	18
4	29
3	-3
2	14
2	29
66	51
6	16
3	-31
82	78
24	6
2	18
62	57
2	-25
4	2
17	57
12	35
10	-32
4	20
12	-3
120	80
6	-34
6	-42
37	16
2	42
2	4
2	29
20	35
4	6
2	22
167	197
334	342
2	16
426	411
2	-7
8	31
3	10
3	33
2	14
15	51
246	210
4	-3
2	-1
2	0
10	44
164	188
10	-1
20	18
4	0
14	-15
151	160
4	-13
443	459
202	265
16	44
15	44
6	16
20	8
53	48
19	0
2	40
4	29
220	200
6	10
20	16
3	4
2	-15
9	14
48	62
24	4
216	216
92	85
2	16
4	0
2	-5
2	-31
2	-5
3	0
8	2
2	10
246	251
2	-9
4	6
4	6
2	27
24	4
2	-9
226	231
4	12
2	22
70	51
2	-31
2	-21
10	18
2	-15
50	60
4	6
20	44
20	8
10	12
2	16
4	60
4	2
28	35
4	10
4	-23
184	186
256	251
2	-9
2	31
2	33
18	62
10	22
4	29
112	130
20	-3
3	-9
4	10
3	-5
20	20
8	-5
2	35
8	-38
10	-40
2	-15
8	-31
8	-15
2	27
39	46
6	20
2	8
5	-9
20	-3
20	46
5	-13
6	22
2	10
260	206
15	46
14	-3
90	73
100	122
16	33
8	-1
186	171
8	20
8	-25
4	-1
20	4
4	-9
9	22
32	33
149	152
2	24
10	10
2	-9
195	225
9	-11
2	29
4	14
110	171
2	42
20	27
2	22
2	-21
2	18
3	-23
20	24
3	-19
2	8
4	12
2	6
4	24
2	-32
2	8
8	-11
26	55
168	174
2	-3
34	31
6	20
4	18
12	-7
134	110
8	-15
76	97
474	439
16	20
2	-11
125	115
58	95
12	18
3	2
2	-15
15	-7
288	258
106	141
4	37
2	42
8	2
126	154
2	31
4	-3
356	319
44	97
16	12
52	20
128	136
440	444
10	-21
4	-13
8	40
66	76
20	14
8	40
12	4
52	80
4	0
4	8
6	8
6	18
196	286
162	146
2	-23
24	33
14	46
2	42
172	200
2	48
20	16
50	57
4	-40
6	35
2	-11
78	66
147	203
16	12
20	90
6	0
10	0
2	-25
9	-19
176	183
8	40
24	0
20	-19
20	31
28	53
128	122
108	117
10	0
20	40
20	14
2	-5
4	24
60	44
72	83
2	48
277	286
3	-19
12	53
70	48
2	14
9	-3
2	-17
2	-7
328	304
2	-7
2	2
204	261
8	-13
2	8
3	-3
2	-21
25	10
51	31
160	149
12	8
2	27
378	388
4	10
2	4
102	130
3	-17
36	44
403	380
44	10
56	29
110	80
290	258
4	27
20	-3
4	-9
2	14
2	-13
6	4
8	-11
4	0
101	130
438	469
234	222
8	0
12	-19
2	10
6	35
9	20
4	8
102	46
8	24
20	44
3	-1
2	37
70	128
282	307
2	-9
107	133
4	12
23	2
8	-29
2	-7
2	18
314	307
201	174
2	33
41	37
134	112
4	-5
2	2
12	33
2	12
4	12
4	60
2	-49
2	-19
3	-36
8	2
4	22
2	14
18	-15
12	20
4	-1
3	8
4	46
6	53
8	14
4	10
20	2
4	8
5	18
54	83
453	479
4	16
16	20
2	-31
10	-34
6	12
2	6
4	-15
12	20
20	20
4	14
4	37
8	-11
4	14
20	14
2	-31
5	22
2	-11
2	-5
3	40
2	-13
44	120
10	4
106	133
216	165
70	78
4	-15
4	-17
122	95
6	4
5	20
8	-40
18	64
10	4
4	18
4	-32
4	20
20	22
6	2
12	40
20	53
4	12
2	-32
39	31
2	10
30	48
6	51
54	53
76	83
2	-23
4	-9
20	-9
20	42
2	18
62	62
2	10
5	33
46	53
2	-23
440	411
136	122
4	42
166	141
10	62
2	8
248	251
4	-3
2	0
6	6
4	-1
8	48
4	29
394	429
5	-31
2	20
2	18
2	4
4	-29
8	10
112	125
14	2
32	35
3	22
3	10
219	197
2	-9
2	6
3	18
5	14
20	18
144	152
20	37
150	138
2	35
25	0
8	-7
8	-1
492	553
20	8
8	-5
2	-9
2	-7
35	31
4	10
16	10
146	168
4	-25
16	-5
2	-1
2	4
6	10
28	33
4	27
3	4
14	35
3	2
20	31
2	-15
373	415
4	-29
2	-7
2	37
4	35
12	22
2	42
4	-3
9	8
4	-13
2	14
4	14
2	-38
12	35
6	0
2	-21
4	2
29	22
8	-5
2	33
5	-5
20	-40
20	27
4	-7
462	469
2	-5
8	4
10	27
4	-11
20	8
8	-19
324	323
12	22
8	8
3	40
410	384
2	-19
12	-32
24	31
4	-7
20	-13
6	12
4	42
8	10
8	6
184	251
4	40
48	83
126	138
2	-5
458	434
24	33
2	-17
2	-15
8	42
2	-15
20	-11
4	-23
2	22
6	33
10	24
362	411
254	200
32	48
2	4
3	-17
8	4
3	2
249	225
2	-9
188	163
66	57
2	14
2	22
2	8
4	53
12	10
12	46
176	130
2	4
36	8
88	107
3	10
196	219
176	160
4	14
6	-17
41	35
14	18
8	42
6	18
10	76
2	-25
8	0
9	10
444	464
6	-29
16	51
4	-1
4	-15
2	-31
47	12
102	76
6	51
2	-1
2	8
36	37
2	-5
8	14
2	24
3	-11
20	-11
2	8
2	-19
116	83
20	29
20	42
2	-13
15	2
2	-15
4	6
2	4
2	-23
368	449
468	454
2	-3
206	157
146	138
3	10
4	4
6	-1
2	10
46	48
2	8
2	24
37	8
190	141
4	29
15	-1
230	251
4	12
52	85
4	16
226	219
60	6
340	278
2	-7
2	6
2	16
2	-40
4	18
2	-5
4	6
2	-13
2	-58
26	73
200	213
16	44
150	122
4	16
20	33
3	-5
50	42
4	-9
214	197
2	-7
5	12
9	12
12	12
226	228
20	-5
4	24
2	22
4	6
95	80
2	6
2	8
4	-17
383	311
2	-5
2	18
20	24
2	-1
32	31
24	24
6	12
20	14
236	268
2	-27
20	6
4	22
2	4
56	51
2	-5
6	-25
4	48
456	490
2	8
2	6
4	4
9	14
12	2
10	-15
4	-11
2	-1
2	-32
4	-11
12	18
14	10
144	138
82	102
4	29
30	31
2	-23
8	-42
2	-1
2	27
2	2
56	76
2	-9
12	18
4	10
42	55
31	48
20	2
4	-49
2	14
6	31
6	48
10	2
492	464
2	6
8	-13
9	4
4	-21
44	51
2	-29
8	46
61	31
2	8
11	37
9	51
2	-27
72	85
4	12
2	14
21	24
10	-23
237	203
244	311
104	130
8	-27
2	6
2	-1
2	20
2	48
2	-1
6	2
8	27
2	-13
36	73
364	402
2	6
2	-17
20	16
20	-7
4	66
2	24
2	-17
34	0
16	-11
2	46
2	16
6	-11
150	130
21	27
4	18
3	22
10	-40
4	35
8	-17
320	323
13	-9
6	20
4	53
64	42
2	-32
2	-1
114	149
24	8
18	10
2	-13
9	33
20	37
3	48
2	-9
6	10
6	27
4	18
12	-40
2	35
2	14
2	8
2	27
122	95
432	371
8	33
16	22
10	2
2	6
48	105
2	20
204	225
4	18
4	8
8	-1
14	46
14	-17
200	241
2	55
2	18
194	219
16	60
24	24
4	42
6	37
16	27
4	-32
2	-40
7	-21
20	0
2	22
5	-17
2	29
5	22
330	289
264	219
48	20
16	6
80	125
36	33
8	10
498	464
2	-23
258	300
38	10
4	-11
346	319
12	-15
2	-1
14	22
42	66
8	27
10	0
4	20
3	-13
20	8
104	60
2	-5
304	330
2	6
60	53
160	168
2	-3
2	-25
4	-1
20	14
60	69
2	-32
4	-9
380	397
72	83
13	27
64	18
220	180
484	535
2	8
8	42
2	10
102	85
30	27
2	-31
346	358
2	16
4	53
466	425
70	105
4	-7
140	144
2	-32
26	55
2	-13
88	85
2	40
20	-15
20	-1
11	31
104	80
6	-15
2	-21
11	8
2	-5
4	-36
4	22
2	-9
5	14
257	258
6	-1
2	12
220	171
204	171
3	8
128	100
2	18
29	27
2	-13
2	-13
3	-27
20	48
180	228
20	-11
20	12
4	-44
204	278
2	8
20	-27
4	-13
6	27
32	6
8	-9
2	22
150	160
228	238
436	425
166	177
2	-11
2	14
2	-23
10	-3
4	0
19	20
8	33
4	10
2	12
2	0
204	188
46	66
111	100
9	24
34	60
188	191
2	46
2	-9
4	-23
14	10
20	10
20	69
2	0
20	31
4	31
3	20
3	-15
4	10
49	55
2	-5
2	35
3	-11
26	37
2	18
8	-23
2	33
10	18
62	66
35	69
6	22
16	64
2	-31
2	-27
2	14
8	55
179	200
9	69
2	-7
3	12
408	411
23	-32
2	0
3	55
2	0
34	64
20	55
20	51
2	22
5	0
2	6
2	-27
160	125
24	18
20	-11
2	-3
2	6
2	-1
2	27
4	29
20	4
6	-11
12	37
6	27
20	33
4	0
20	6
8	48
112	102
2	-25
4	-21
3	-5
9	6
6	37
13	40
20	33
257	213
20	24
2	-5
2	-7
20	44
20	51
4	20
4	-27
6	2
2	-17
28	0
22	46
4	-9
4	24
76	90
6	-23
34	18
33	8
2	20
6	22
116	122
2	8
2	-13
2	27
2	0
20	-11
140	197
6	8
2	33
66	85
18	-15
6	14
20	20
6	-3
10	20
2	33
72	57
2	8
2	22
4	46
11	33
8	-27
4	16
2	18
148	186
20	16
20	-29
48	46
2	-11
112	73
2	-1
2	-15
132	168
118	80
7	-9
10	2
8	53
6	24
16	-9
6	33
20	6
80	90
22	-23
394	334
4	8
2	-9
162	160
45	78
26	40
2	-9
4	10
5	20
262	225
15	14
4	20
10	60
110	125
2	-13
26	27
4	24
4	35
85	125
4	-42
224	319
2	-11
10	-5
2	4
124	88
98	120
70	66
4	35
2	-25
20	20
2	16
2	8
20	18
188	186
10	-3
26	46
20	18
20	55
216	241
436	434
2	-17
16	24
3	27
20	-17
24	40
20	-1
6	64
8	12
2	-19
4	-25
2	6
6	-9
106	144
20	-3
3	22
6	-3
2	12
6	-13
14	6
14	35
4	2
2	12
6	-15
2	14
110	117
2	40
6	27
337	358
20	-29
2	4
398	402
20	31
126	133
2	0
12	-1
4	10
20	55
8	-7
3	14
32	18
4	29
2	24
190	206
482	434
20	48
2	24
334	330
2	2
4	51
2	-21
2	14
20	42
20	35
4	-17
2	-56
4	-21
20	40
2	-11
2	-38
146	144
2	-7
166	157
18	20
4	14
12	-21
348	375
4	10
2	10
20	12
8	-9
20	-1
284	304
2	2
106	112
2	-40
4	-36
2	12
90	71
17	29
100	78
38	33
6	33
86	120
3	40
3	-32
14	0
400	350
376	434
112	73
24	40
9	29
187	194
2	-1
3	-13
2	-5
20	10
93	120
2	8
2	-27
106	102
2	-19
130	85
12	-1
8	16
20	4
4	18
4	8
14	6
22	-25
4	6
4	22
8	10
144	125
12	2
3	-29
6	-3
4	6
68	80
60	69
8	42
4	-7
6	-9
2	-1
2	-1
64	97
2	10
10	53
24	27
4	14
362	380
3	10
20	-11
2	0
100	83
422	454
4	20
4	2
103	144
9	27
8	10
68	60
30	24
2	-7
8	-11
6	-3
2	-19
2	33
2	-13
4	-49
6	8
5	-15
8	42
314	315
2	-47
20	71
4	4
2	-21
6	22
2	-5
2	-9
2	37
44	69
12	29
272	258
62	69
16	29
16	-7
4	16
2	2
100	55
4	-13
20	44
2	8
166	168
20	22
8	22
448	523
2	-15
2	-21
2	-42
3	4
3	-13
2	12
4	-9
2	-5
2	-15
2	-3
2	-27
2	27
2	40
2	27
2	-3
8	2
3	-3
6	4
16	29
40	14
166	157
20	24
8	-1
2	-9
2	0
186	165
12	24
4	37
2	-19
2	-23
124	141
4	42
10	6
42	42
6	-3
26	22
22	16
6	24
154	125
44	12
2	29
2	60
232	244
4	0
76	88
74	53
4	40
24	33
4	-21
2	51
19	35
4	29
8	-15
8	-27
218	180
28	8
18	-19
24	22
20	-9
4	-27
2	-13
48	37
194	168
2	-42
7	48
20	4
4	-13
10	24
163	115
6	-3
4	-25
20	20
60	42
20	-3
2	31
2	-11
96	55
20	46
2	-3
5	27
2	-25
431	415
22	29
20	8
2	-9
2	-23
2	-13
236	296
20	60
2	18
277	278
20	53
10	14
6	-11
22	64
4	6
4	-3
6	2
36	51
2	-5
2	-36
4	-13
20	42
20	37
184	149
12	35
150	138
2	-11
2	-31
11	-29
118	92
6	27
2	-7
2	-15
2	14
4	22
6	22
2	6
20	24
3	27
174	171
2	-13
10	44
20	53
4	6
4	-1
4	6
56	35
3	4
12	-31
2	-34
14	16
2	-3
4	6
52	18
420	411
3	6
2	8
2	22
2	-11
3	0
2	33
2	40
6	-5
20	37
2	8
20	-27
44	55
2	4
6	-19
32	40
337	326
58	66
4	16
20	48
6	-58
2	29
10	-3
242	248
3	-17
8	16
2	22
2	-13
4	14
2	-15
20	-1
5	6
2	0
196	200
4	-9
4	-23
8	-13
336	330
4	0
4	-13
98	85
8	18
2	24
2	2
4	-9
2	-44
4	-25
2	6
20	-7
2	24
2	14
2	18
2	29
10	37
2	42
2	-21
6	14
2	-49
20	18
102	136
6	31
2	4
116	138
112	105
8	14
8	44
2	18
2	14
10	10
55	55
188	186
2	42
3	-15
2	-11
10	48
8	31
3	-13
2	29
2	40
2	6
2	12
10	-29
4	16
8	2
6	0
20	37
2	-7
20	27
192	210
2	-21
2	6
239	261
3	-15
4	10
2	18
8	-1
2	-3
2	-1
10	2
20	37
2	-23
8	12
6	0
8	10
6	-7
48	37
6	8
2	29
20	42
66	35
8	8
3	44
44	55
2	8
54	97
110	92
2	-19
2	0
2	-15
14	22
4	-21
160	171
6	-3
122	117
20	51
2	8
2	-9
21	27
2	12
252	307
178	168
410	375
2	14
2	-29
54	40
2	53
20	12
4	0
33	73
8	35
2	-21
417	402
20	35
160	128
2	-13
20	37
9	16
6	-9
124	144
2	6
16	18
2	-21
28	14
8	12
378	439
94	53
4	12
2	-19
4	2
4	2
28	27
54	35
20	20
2	-17
2	4
234	244
4	-17
38	78
50	69
166	197
42	27
2	8
12	2
2	8
138	130
2	-31
4	27
102	133
2	-9
486	495
136	120
28	12
2	8
17	62
20	20
2	-7
2	10
60	95
20	33
4	12
2	10
74	62
2	-3
20	40
2	6
4	-27
4	-13
2	-21
2	-13
8	2
12	35
2	35
2	22
156	125
52	64
2	-21
2	-19
371	363
20	33
22	16
17	20
6	18
4	6
192	186
3	-5
9	-5
4	8
312	326
2	22
10	6
2	-17
2	16
2	37
130	183
2	0
2	33
6	6
144	117
20	-9
4	46
3	-21
20	-5
4	24
20	24
2	20
64	42
4	12
2	2
14	40
452	429
20	27
4	-13
2	-21
2	0
40	35
15	55
232	293
4	-21
20	-17
2	16
2	12
129	88
468	397
2	-9
2	4
20	40
4	22
110	83
4	-9
4	4
442	363
354	319
9	40
74	125
10	18
2	22
4	-3
2	10
20	18
12	2
2	6
14	22
20	10
312	342
2	22
12	62
10	48
8	35
188	163
10	20
6	42
20	55
4	20
20	57
28	-21
10	22
4	24
2	-5
12	2
2	-25
4	-13
412	434
2	33
5	-5
2	37
8	6
8	-3
4	31
38	29
20	-23
20	22
2	-5
2	-13
4	-23
2	-23
2	-9
100	122
2	20
120	110
260	330
20	-19
2	14
20	-1
326	350
20	42
2	0
10	14
2	18
8	4
6	-3
12	10
20	-5
2	29
6	-17
16	27
2	-5
20	24
206	293
16	29
4	6
170	171
6	0
2	24
4	-25
6	-3
2	20
40	55
2	12
4	12
10	51
132	78
2	22
2	-11
36	22
290	304
32	51
10	6
4	-11
12	62
40	6
100	117
480	512
134	157
2	-31
2	-5
2	-27
2	-25
3	-3
4	10
164	112
20	76
4	-5
20	2
16	8
320	311
6	-5
2	8
40	51
2	27
2	2
2	-32
2	2
7	-7
4	42
20	20
8	42
4	-1
12	-9
485	547
272	265
14	2
92	76
20	53
260	222
4	-7
2	88
8	20
112	95
46	46
2	-29
2	-15
2	-5
2	-1
2	14
2	24
3	18
8	-25
2	-13
28	-11
3	20
2	-44
148	163
2	10
2	4
2	-1
6	16
4	8
6	-15
416	459
8	48
220	216
8	29
332	330
2	-40
6	40
2	12
2	-1
4	8
2	-7
20	27
4	-17
28	16
8	-3
20	57
161	165
2	-17
414	397
9	-3
8	-11
110	83
4	-31
2	18
2	-15
6	-13
2	35
2	20
4	40
9	8
270	304
3	10
364	358
4	27
8	10
60	69
2	0
2	-3
2	-31
2	10
4	20
2	22
10	-1
2	20
10	44
8	-1
22	8
2	6
20	14
29	51
2	20
2	-11
2	6
20	27
20	-1
178	160
8	60
3	-27
22	12
216	251
28	22
4	12
16	29
6	37
2	8
2	-3
9	37
2	-7
50	71
2	16
2	29
2	-17
2	6
34	29
4	44
20	33
2	-15
2	12
4	24
2	22
144	133
116	144
2	12
2	-36
6	-3
22	10
8	18
2	12
2	-17
66	55
436	420
160	203
2	18
4	22
16	105
2	6
6	22
3	-1
2	37
2	-42
4	4
2	-31
32	69
20	6
20	42
20	55
2	10
148	154
8	57
4	-5
20	10
4	-21
2	24
2	-38
146	216
4	-5
2	18
14	37
6	-5
3	0
2	-3
4	0
6	-31
4	-19
10	16
2	0
6	0
16	-19
24	-3
64	100
2	8
8	12
2	4
2	0
6	51
88	80
6	0
6	6
2	-15
84	133
2	2
4	31
4	-47
2	-15
146	154
6	-11
4	8
2	10
268	307
2	16
2	18
12	24
8	24
4	37
18	2
120	136
20	35
2	-15
148	171
2	-47
4	35
12	40
72	66
20	16
4	0
2	-17
8	-13
2	24
10	12
8	4
4	12
258	286
2	14
12	20
2	-9
208	219
20	16
2	20
58	76
2	-19
170	171
2	48
2	31
2	18
2	-5
2	14
20	33
2	-1
2	22
2	44
2	-7
2	16
20	62
56	35
4	31
12	40
2	-5
88	112
12	33
8	14
20	2
20	-9
28	33
8	-9
92	115
6	22
20	33
2	14
222	225
4	-5
2	-3
4	-9
6	42
494	459
6	10
368	326
2	24
4	-23
4	22
14	29
148	115
206	200
20	14
2	4
4	20
90	46
2	12
4	20
2	2
2	18
20	-19
8	22
116	115
4	24
4	29
2	31
2	-21
24	78
4	4
2	2
132	136
20	18
4	-36
4	20
160	174
58	80
220	248
4	-9
120	69
2	-27
2	2
48	60
8	2
20	-3
4	2
2	-1
2	6
3	2
128	122
16	44
20	31
2	46
20	44
136	107
2	-34
3	0
4	12
4	-34
2	-3
2	-13
3	-21
2	14
436	415
2	20
12	8
4	16
2	-13
48	62
2	-1
136	141
2	-15
20	-1
116	66
4	24
386	411
394	350
2	2
8	27
66	64
4	-19
234	228
2	-34
2	-1
20	69
2	2
3	51
122	122
2	20
2	-32
20	-1
6	-3
146	165
20	-11
2	-44
8	-31
315	275
6	27
134	125
20	33
16	22
2	2
2	-11
4	22
2	33
4	18
20	29
20	31
12	80
38	44
2	6
46	14
12	-3
2	2
25	-3
20	16
12	16
38	29
92	115
8	40
324	350
2	20
4	-11
4	8
2	33
42	31
242	238
2	-25
102	128
16	-7
12	40
2	-15
2	-3
384	363
64	42
2	-17
2	22
10	46
6	22
2	-42
5	8
2	12
4	6
4	-27
8	35
4	31
9	0
220	222
12	10
6	78
2	-7
4	8
32	12
2	51
8	-47
3	16
2	-3
12	-23
12	10
4	2
8	37
104	60
40	100
2	-13
20	-7
74	35
2	-31
2	-25
320	282
18	55
148	128
4	-11
282	304
24	31
2	-11
460	444
8	-11
34	46
66	62
8	24
2	48
36	4
2	-29
8	62
10	12
2	-1
2	14
20	46
10	27
10	12
2	6
16	27
4	-7
20	18
12	6
2	6
110	141
34	46
6	16
214	180
20	0
2	-25
4	27
2	8
2	20
2	-13
4	-21
458	485
4	33
4	-15
2	-5
6	60
2	-3
2	-17
8	-7
2	8
81	112
2	-19
2	16
20	8
4	0
272	268
24	12
2	-29
2	-38
20	20
4	2
3	0
2	-69
2	-19
4	-44
44	31
152	165
8	6
4	6
250	296
2	-27
46	46
6	2
24	44
2	-17
32	51
30	42
306	307
20	0
2	-34
2	-5
20	-5
4	-21
2	0
2	24
2	37
4	-27
96	97
4	27
42	14
6	33
14	29
2	20
6	-1
12	8
2	33
4	14
2	-3
18	37
14	-9
26	35
128	125
2	-31
2	46
172	191
96	71
26	42
116	88
2	-1
14	0
2	2
8	16
132	100
4	-15
20	24
128	138
2	-5
8	-32
2	35
2	6
4	29
32	20
2	-17
20	33
2	-9
62	16
3	6
3	-23
10	16
2	-21
20	31
2	-19
6	-17
4	-7
2	-13
104	152
26	20
4	-19
4	-32
36	-19
2	-9
2	-15
9	-1
2	6
6	10
4	-15
2	44
20	44
2	18
4	29
2	-27
8	-13
4	2
24	-5
10	20
10	4
50	78
4	-9
2	33
2	31
110	125
2	4
28	31
106	95
2	-17
362	393
414	434
2	-11
2	-9
2	55
2	-21
62	90
20	22
20	33
130	157
4	4
2	-11
2	20
2	-1
10	-1
10	-23
4	24
2	0
152	133
2	27
2	-38
2	-7
44	29
2	-1
6	2
2	10
252	271
2	31
2	-3
18	0
242	203
2	-23
2	29
2	4
4	-1
20	20
2	-3
3	18
2	12
20	18
20	22
20	20
32	57
4	-9
2	-3
4	-1
6	10
128	133
6	27
2	37
13	-3
2	-34
8	18
2	-9
2	78
4	16
2	6
156	171
2	16
20	-21
4	-32
20	33
2	-34
20	46
2	-11
20	-9
20	6
16	10
4	24
144	152
298	300
260	210
24	66
2	6
2	-34
8	16
8	20
8	-11
20	53
32	55
326	311
20	22
114	128
4	-32
20	46
2	16
386	411
8	-25
6	44
52	12
8	-9
2	29
10	24
4	-5
6	18
3	-5
4	-27
14	8
2	-15
2	2
4	22
20	10
20	27
4	14
2	12
20	22
106	88
8	10
2	18
2	24
2	4
20	12
4	40
40	33
4	16
20	24
2	22
2	31
4	20
2	40
2	-5
2	42
2	-7
160	149
136	154
16	62
2	-17
2	4
4	31
2	4
2	10
172	197
2	-38
2	14
20	44
320	315
4	-42
72	76
2	-27
2	31
4	33
4	2
10	4
4	-5
14	-1
14	35
4	-7
128	100
20	-13
20	4
48	24
6	31
2	-19
4	-17
112	120
2	12
152	117
10	10
134	128
2	4
4	55
4	12
6	-23
366	346
134	122
2	-23
10	-1
10	-1
2	4
56	53
2	18
2	-40
6	48
112	146
78	53
116	112
2	37
110	128
28	66
20	40
132	149
2	29
20	-25
2	-42
8	-29
10	12
2	-3
36	51
2	20
78	80
2	-1
2	-3
2	-7
4	-7
4	60
21	42
2	-3
2	29
4	-15
474	506
86	78
8	-17
142	174
4	-38
84	130
22	31
2	-46
12	2
20	4
18	-11
4	-27
2	-1
4	-11
2	-17
2	-1
2	0
2	-13
66	112
4	4
2	-1
20	35
8	-3
12	22
4	-17
2	4
4	-5
56	71
2	24
20	29
4	12
168	200
20	46
2	-15
6	8
2	-13
20	0
2	0
10	14
20	35
14	33
2	16
2	-27
4	-21
194	157
20	46
388	367
2	2
4	-9
2	-15
44	95
20	-29
20	46
2	2
6	27
2	-23
2	-34
2	20
86	110
218	231
8	-25
10	-21
140	122
2	0
2	-25
8	-27
2	18
4	20
106	97
2	-9
4	-21
118	183
20	83
18	48
480	459
192	219
22	76
2	14
162	138
112	48
52	53
278	231
2	-5
32	-15
2	14
20	16
58	73
4	48
2	-13
2	-29
332	323
140	203
2	-1
2	-9
2	-32
20	12
107	120
20	20
2	-7
2	-25
16	29
30	60
2	31
6	18
2	-5
14	-3
304	434
2	35
362	406
2	20
6	-21
440	406
10	6
10	-5
10	-1
6	2
152	191
238	186
2	-1
4	6
2	-1
2	29
2	-34
18	10
70	90
2	0
6	27
312	358
424	439
42	46
3	-19
4	2
2	4
6	4
8	29
10	12
2	-5
126	102
4	-44
296	282
42	10
259	251
62	97
2	12
2	-3
2	0
162	165
12	22
144	168
20	57
24	55
244	271
42	27
2	14
24	22
62	64
15	46
4	4
2	-9
16	6
2	40
24	0
8	6
6	31
21	27
24	20
14	31
220	225
20	-17
20	-9
2	20
8	16
12	18
36	40
2	16
2	-21
4	4
2	-15
36	20
2	4
198	241
6	6
2	-7
20	37
50	18
2	24
4	-3
3	-15
4	-1
400	397
276	244
20	10
10	2
3	-40
2	2
20	31
2	-9
184	138
2	14
24	27
2	-7
284	293
58	37
2	12
2	-1
170	188
20	48
20	73
108	92
20	37
20	-5
10	78
114	120
2	-31
2	-11
2	-32
348	346
2	-44
2	6
126	171
4	16
8	-27
50	100
4	0
2	12
4	-3
128	180
2	-13
2	-1
2	-9
2	2
2	-17
22	29
6	40
2	-1
10	29
2	-9
2	-1
8	2
48	69
72	53
2	8
2	2
20	55
2	48
20	35
4	16
2	48
12	2
6	-1
2	4
26	69
20	12
8	-15
4	4
2	0
8	20
4	-17
24	44
94	130
14	12
2	2
12	20
2	-25
20	12
2	2
2	18
2	-13
352	375
4	0
2	16
20	27
4	27
2	14
142	157
2	46
2	22
2	-42
8	10
4	2
4	14
14	20
4	-7
6	27
160	141
2	22
2	-27
20	-17
2	6
264	200
4	10
182	160
20	55
2	-13
2	0
2	-3
10	12
324	334
20	-17
232	210
220	194
30	48
272	296
8	40
20	-15
2	-27
3	33
2	-27
10	16
2	-42
6	40
8	-3
36	62
118	183
2	12
2	-9
2	-15
12	42
2	12
132	107
2	-13
162	191
172	171
56	37
3	-9
4	4
2	-1
20	27
20	44
2	-7
4	-9
2	14
276	282
2	-9
4	0
6	10
22	51
2	8
4	40
148	141
2	-9
8	-1
2	-11
48	27
26	33
20	35
2	12
4	20
398	363
42	10
2	-31
116	95
4	14
8	-42
58	53
2	24
4	-3
2	-1
8	12
52	51
2	69
150	130
150	157
20	40
8	14
48	48
20	10
4	12
6	20
122	165
48	69
2	16
112	128
52	27
23	31
2	-25
4	-9
2	12
2	-11
4	-5
4	8
164	177
4	-9
2	-19
4	18
26	37
2	-23
46	18
4	24
4	27
2	-13
20	12
2	14
4	2
8	-25
2	24
4	42
2	-13
20	14
4	14
20	24
4	-21
3	-21
2	-21
2	-13
44	31
8	-13
2	-27
20	-5
2	-25
2	14
24	-3
8	31
2	57
4	14
10	0
4	76
244	258
8	46
76	73
8	20
6	-17
20	51
2	8
2	12
8	-7
2	-13
2	12
174	186
2	-13
10	-9
2	-9
2	-13
224	194
8	14
2	12
2	-11
20	24
2	-42
6	2
2	-19
2	20
12	35
8	4
20	-3
6	-7
20	42
18	37
2	42
4	-27
4	-1
2	10
6	-44
8	24
6	-31
2	12
400	415
2	-21
44	22
306	268
4	-19
118	97
6	10
2	-5
4	69
10	48
16	27
2	-7
106	122
20	-5
4	55
10	0
2	24
20	18
32	8
128	168
20	20
2	6
18	55
374	330
354	350
8	0
2	-5
2	-5
2	10
2	-7
2	42
128	125
24	18
2	14
2	6
